species,Lestes eurinus,Cordulia shurtleffii,Hetaerina americana,Stylurus spiniceps,Gomphus lividus,Chromagrion conditum,Sympetrum vicinum,Enallagma aspersum,Sympetrum semicinctum,Epitheca canis,Gomphus borealis,Leucorrhinia proxima,Enallagma durum,Sympetrum danae,Tramea lacerata,Dromogomphus spinosus,Aeshna tuberculifera,Pachydiplax longipennis,Argia apicalis,Enallagma boreale,Boyeria sp.,Ophiogomphus aspersus,Somatochlora walshii,Celithemis elisa,Aeshna canadensis,Tramea carolina,Ladona julia,Sympetrum internum,Ischnura hastata,Somatochlora tenebrosa,Erythemis simplicicollis,Epitheca cynosura,Anax junius,Plathemis lydia,Leucorrhinia glacialis,Somatochlora franklini,Cordulegaster diastatops,Leucorrhinia intacta,Hagenius brevistylus,Gomphus spicatus,Perithemis tenera,Ischnura verticalis,Stylogomphus albistylus,Amphiagrion saucium ,Williamsonia fletcheri,Calopteryx maculata,Lestes inaequalis,Nannothemis bella,Lestes dryas,Enallagma civile,Boyeria vinosa,Somatochlora forcipata,Libellula quadrimaculata,Ischnura posita,Leucorrhinia frigida,Aeshna verticalis,Enallagma hageni,Celithemis eponina,Gomphaeschna furcillata,Gomphus descriptus,Leucorrhinia hudsonica,Somatochlora kennedyi,Aeshna eremita,Somatochlora cingulata,Gomphus exilis,Aeshna constricta,Arigomphus furcifer,Ischnura kellicotti,Lestes unguiculatus,Ophiogomphus mainensis,Enallagma ebrium,Aeshna clepsydra,Gomphus adelphus,Lanthus parvulus,Enallagma laterale,Lestes disjunctus,Enallagma annexum,Boyeria grafiana,Somatochlora minor,Enallagma signatum,Libellula semifasciata,Dorocordulia lepida,Argia moesta,Epitheca princeps,Dorocordulia libera,Enallagma antennatum,Gomphus quadricolor,Ophiogomphus carolus,Somatochlora albicincta,Calopteryx aequabilis,Ophiogomphus rupinsulensis,Lanthus vernalis,Sympetrum costiferum,Nehalennia irene,Aeshna umbrosa,Enallagma geminatum,Somatochlora elongata,Libellula incesta,Enallagma traviatum,Lestes rectangularis,Libellula cyanea,Rhionaeschna mutata,Nehalennia gracilis,Gomphus abbreviatus,Epitheca spinigera,Lestes congener,Pantala hymenaea,Enallagma vernale,Basiaeschna janata,Enallagma exsulans,Didymops transversa,Neurocordulia yamaskanensis,Calopteryx amata,Epiaeschna heros,Lestes vigilax,Lestes forcipatus,Macromia illinoiensis,Coenagrion resolutum,Enallagma carunculatum,Libellula pulchella,Cordulegaster maculata,Helocordulia uhleri,Arigomphus villosipes,Aeshna interrupta,Enallagma vesperum,Argia fumipennis,Pantala flavescens,Sympetrum obtrusum,Libellula luctuosa,Somatochlora williamsoni,Stylurus scudderi
Lestes eurinus,1,0.899101893321985,-0.791313708863123,-0.792365396104203,-0.627964585904521,0.669941044632475,0.551587009011882,0.909388570405285,0.750764017781768,0.705532422128145,0,0.844425958537178,0,0,0,-0.488599522493404,0.819100288945,0.372665137658056,0,0.833482832995315,0,-0.624286065641582,0.765686820157404,0.555388075499051,0.845450287927312,0,0.884499594676198,0,0,0.802799529618827,0,0,0.736987398564843,0.468362258380129,0.77546038591806,0,0.530544212140354,0.545867446965316,0,0.575285789128858,0,0.537276602363863,-0.609633572735237,0,0.796151467147936,0,0.620601775004904,0.914574782118381,0,0,-0.622949619706877,0.657976881693984,0.782075373990134,0.572585278750444,0.936835730062076,0.727170082164847,0.843850810699109,0.459496530666241,0.770600761701095,0,0.80168432929877,0.568185052425022,0.755937280192485,0.6265404433683,0,0.623277761318769,0.78800658596164,0,0,-0.601354071024873,0.74096415877208,0,-0.63438793242839,0,0.68656729326329,0.794868422984042,0.859809533882072,0,0,0,0,0.907344677549399,-0.718463601214431,0,0.864001134532525,0,0,-0.661523609267018,0,-0.603837734170104,-0.848970582234349,0,0,0.853156057783853,0.653734735865151,0,0.569441353686483,0.717610808143344,0,0,0,0.672857573951368,0.811274453754229,-0.635797657632234,0.770783710736964,0.648418424382155,0,0.868411816322506,0,-0.69610603813434,0,-0.716235372757173,0,0,0,0.897669347529463,-0.851895977911591,0.698824729395103,0,0.608470854132494,0,0,0,0.799434938373236,0,0,0,0.827965830054912,0,0.866527196616121,-0.703144348612505
Cordulia shurtleffii,0.899101893321985,1,-0.788072647054464,-0.899313011618219,-0.698086404972397,0.725576797637416,0,0.845403182144635,0.567374996590258,0.657666266834949,0.521067619377007,0.91205978685972,0,0.785447133608436,0,-0.709626596591684,0.760755172403319,0,-0.745080548511857,0.951538601218061,0,-0.494690732388627,0.921460906888002,0,0.787350801443991,0,0.964831685777724,0,0,0.923252069294129,0,0,0.506565490291648,0.280385832104342,0.934436229739154,0.759743379253782,0.745262484162424,0.290654902600138,0,0.668388530017298,0,0,-0.541684974650344,0,0.890789702089286,0,0.355179162769441,0.901308763126483,0,0,-0.657109197738352,0.846331531825656,0.757846786305912,0,0.962998922061801,0.501722287903394,0.865656472088392,0,0.851070449063742,0,0.911860821809701,0.778669480053668,0.77577684569252,0.820642754153632,0,0,0.626963364642953,0,0,0,0.525122835004594,0,0,0,0,0.760707200942108,0.930852769030394,0,0.729363644599022,-0.503442285520103,0,0.944616025348617,-0.838902034242934,0,0.707298586021211,0,-0.697828706933882,-0.489982338152516,0,-0.624552439477965,-0.73784236214907,0,0,0.782473865840484,0.671767197477373,-0.400038784908136,0.799519043697121,0.498186256705356,-0.730391033282538,0,0,0,0.920032796014334,-0.769799385616791,0.611850175385592,0.535991302897788,0,0.841824020277978,0,-0.867244928685528,0,-0.832101464707225,0,0,0,0.802822667370707,-0.927795826769131,0.611475122302309,-0.707393338259539,0.338642825854882,0,0,0,0.87330267094604,-0.385713824586479,0,0,0.841306691121186,0,0.930370160346046,0
Hetaerina americana,-0.791313708863123,-0.788072647054464,1,0.688260949413545,0,-0.628468056348344,0,-0.760579404787072,-0.598094505079484,-0.635879061636763,0,-0.759647843288074,0,0,0,0,-0.656075294095944,0,0,-0.735895486995569,0,0,-0.684617955734273,0,-0.686752885107813,0,-0.79015507650333,0,0,-0.70611785632723,0,0,0,0,-0.69189597940077,0,0,0,0,0,0,0,0,0,-0.705308921872234,0,0,-0.783219123635455,0,0,0,0,-0.701783003977437,0,-0.807573416316688,0,-0.752768322727273,0,-0.68720028495893,0,-0.732028541816777,0,0,0,0,0,0,0,0,0,0,0,0,0,0,-0.642212397643022,-0.760365923008803,0,0,0,0,-0.779411900422845,0.624104544879808,0,-0.720624801814398,0,0,0,0,0,0.71799709569314,0,0,-0.742595244759005,0,0,0,0,0,0,0,0,-0.705877655802918,0,0,0,0,-0.743968932053873,0,0,0,0,0,0,0,-0.735963814951014,0.732117546417808,-0.618266269382474,0,0,0,0,0,-0.672241010975694,0,0,0,-0.699533991004934,0,-0.753831246514422,0
Stylurus spiniceps,-0.792365396104203,-0.899313011618218,0.688260949413545,1,0.800396686051401,-0.515761471248953,0,-0.727701282191094,-0.411270869357524,-0.415662973592599,-0.443460262962396,-0.766214081059175,0,-0.752850724710082,0,0.825467194117142,-0.717154976948741,0,0.829437210022026,-0.903611407887654,0,0.550815530257794,-0.88038731421616,0,-0.729302320256314,0,-0.857096594870401,0,0,-0.88983547912971,0,0,0,0,-0.917792746279006,-0.739745664740047,-0.658019858548026,0,0,-0.478391803850192,0,0,0.635242870816128,0,-0.801294543104261,0.390770903073819,0,-0.793561799861912,0,0,0.763429600678983,-0.821547772255744,-0.536270696701784,0,-0.884361773793519,0,-0.688503097658644,0,-0.731579200507964,0.465491285299336,-0.781765067405569,-0.761664597454505,-0.820631321848242,-0.82038930462772,0,0,0,0,0,0,0,0,0,0,0,-0.716905526670526,-0.826304154441167,0,-0.749248213721037,0.520491270585198,0,-0.88192440892836,0.919110229989322,0,-0.534854004104273,0,0.810759615212313,0.492668259184811,0,0.759748884241957,0.598365903200724,0,0,-0.576925178543821,-0.673858971421803,0.413554209306226,-0.833331479556998,0,0.73559416261065,0,0,0,-0.916474309787666,0.862688122515121,0,-0.497265678745304,0,-0.717919244530071,0,0.922483507982729,0,0.868574335530516,0,0,0,-0.737922106693185,0.938674802119115,0,0.686498226019423,0,0,0,0,-0.884831090963502,0,0,0,-0.745566235370718,0,-0.883020442774774,0
Gomphus lividus,-0.627964585904521,-0.698086404972397,0,0.800396686051401,1,0,0,0,0,0,0,0,0,0,0,0.754292253541916,-0.60666256606053,0,0.739201299041357,-0.695392815336407,0,0.671487285668858,-0.658643788361772,0,-0.608436540940408,0,-0.621383645335375,0,0,-0.704146068088118,0,0,0,0,-0.726847082657563,0,0,0,0,0,0,0,0.757288474279211,0,0,0.642282523747799,0,-0.607994369299797,0,0,0.828116267200002,0,0,0,-0.71110129281199,0,0,0,0,0.677398219872418,0,0,-0.800044119535745,-0.647824569535191,0.530318356880127,0,0,0,0,0,0,0,0,0,0,-0.590622092171569,-0.59661443509817,0,0,0,0,-0.718232785127447,0.867221909065873,0,0,0,0.785664332891718,0.586366150484299,0,0.855307783986915,0,0,0,0,-0.563934282009636,0,-0.655851437293296,0,0,0,0,0,-0.765415927512826,0.819380904401179,0,0,0,0,0.587169476250716,0.801559336451796,0,0.764848102078649,0,0,0,-0.659916596299864,0.815478663147243,0,0,0,0,0,0,-0.755263273544988,0,0,0,0,0,-0.716549625800347,0
Chromagrion conditum,0.669941044632475,0.725576797637416,-0.628468056348344,-0.515761471248953,0,1,0,0.649789475528945,0.526825260518396,0.908996549845408,0.70075112477224,0.891679860086177,0,0.606922989254626,0,0,0.465258181868315,0,0,0.690181717860484,0,0,0.68379936093642,0,0.508745518682559,0,0.818434181884405,0,0,0.638100458762812,0,0,0.488723358792416,0.655438406961507,0.638311411577947,0.597427440046753,0.79275052014819,0.469590088450719,0,0.904546453392317,0,0.355239529242224,0,0,0.732079985413799,0.493138302832847,0,0.695504668662092,0.676309694923023,0,0,0.631637794381331,0.931941441447923,0.383486169004716,0.690057444056216,0.447025648620641,0.907157715484378,0,0.774232719599283,0,0.885131410687683,0.59795372684845,0,0.560519601522348,0.457913486656151,0.455306570117049,0.611433869010208,0,0,0,0.473584642395533,0,0,0.588114190103157,0,0.491418838096873,0.775896787832837,0,0.526412039861184,-0.485671627901633,0,0.648846690195418,-0.352429045784603,0,0.634953119081022,0,0,0,0,0,-0.610916012583677,0,0,0.86203019894031,0.3760874654993,-0.459858500413463,0.513742234446076,0,-0.567115705924628,0,0,0,0.569356464799823,0,0.589281455817704,0,0,0.69344659882439,0,-0.475384340377066,0.726773165196001,0,0.407001894620993,0,0,0.483695867010524,-0.541187999065598,0.857469480203979,-0.62761411849056,0.378731395764853,0.472510857033743,0,0,0.494453359797507,-0.447341629685665,0,0,0.688434753833326,0,0.637491794399014,0
Sympetrum vicinum,0.551587009011882,0,0,0,0,0,1,0.59583265824093,0.881523662489704,0.436875540496638,0,0.335080324049238,0,0,0.679021196983634,0,0.78537519917459,0.69629322818455,0,0,0,-0.544949253718745,0,0.708453879232429,0.791131711888279,0,0,0.857651831826486,0,0,0.619554503278299,0.595268612158677,0.74983707126536,0.526796400859999,0,0,0,0.678037821636918,0,0,0.507213005574531,0.738419037157759,-0.426594800223803,0,0,0,0.73525036526232,0.508276536819242,0,0.740927680023819,0,0,0.443786277327332,0.720639774431634,0.4407210076744,0.751062537289188,0.406759239184401,0.699352294284198,0,0,0,0,0,0,0,0.886407140698429,0.635290142358492,0,0.692986048389211,-0.741427554744618,0.712554763705214,0.589386362289528,-0.655232485503259,0,0,0.777447277769907,0,0,0,0.352436901189481,0,0,0,0.558252417789245,0.683913175290151,0,0,-0.628549832698906,0,0,-0.618318360467151,0,0,0.557283988340254,0.690202948366827,0.416131701367758,0,0.721503296025362,0,0.88037897562472,0,0.622633132338375,0,0,0.622900289898229,0.903313054927332,0.614285961423148,0,0,0,0,0,-0.481597941071283,0,0.666979766333217,0.650683970550215,0,0.499085359004389,0,0.738609475388686,-0.459991611487806,0,0.443486690207497,0.497142826266437,0.406393033164808,0,0.559880980190591,0.656611299227086,0.60575806988949,0,-0.672102004300084
Enallagma aspersum,0.909388570405285,0.845403182144635,-0.760579404787072,-0.727701282191094,0,0.649789475528945,0.59583265824093,1,0.779722691481008,0.710087031913124,0,0.807109953813863,0,0,0,0,0.809192394158888,0,0,0.773574513609683,0,-0.602887062543731,0.706214576424276,0.592219911108996,0.835203639992493,0,0.834543460837797,0,0,0.745360517188323,0,0,0.760076758773821,0.511253537398634,0.707837921129205,0,0.47871424382707,0.588997884467454,0,0.549281012955575,0,0.583107167449983,-0.569443123146045,0,0.748657848928956,0,0.651186911437724,0.879570885426649,0,0,-0.565088189650805,0.596161863348669,0.775088108990382,0.613939319893536,0.890430743169902,0.749714265973893,0.821329375032853,0.500351951014241,0.730419328576462,0,0.758072976540333,0,0.714142054889321,0,0,0.656760906709123,0.797640392211476,0,0,-0.636631872979708,0.757551452216483,0,-0.643345999534469,0,0,0.785613730419636,0.814771481115592,0,0,0,0,0.857274939909993,-0.647487103967207,0,0.865784909112257,0,0,-0.65124255555686,0,-0.549472286195854,-0.840642781918437,0,0,0.847321575660701,0.640763055031833,0,0.499290647654025,0.730891886322362,0,0,0,0.678060885696174,0.748496637377205,-0.565273478143509,0.775052733033851,0.668744799260249,0,0.84225650334116,0,-0.621828560574052,0,-0.656009329143002,0,0,0,0.875788238654825,-0.791550312730884,0.709501548581066,0,0.645727019923466,0,0,0,0.757414645691551,0,0,0,0.812956165488378,0,0.8170625162531,-0.71236705432573
Sympetrum semicinctum,0.750764017781768,0.567374996590258,-0.598094505079484,-0.411270869357524,0,0.526825260518396,0.881523662489704,0.779722691481008,1,0.707260168081609,0,0.603236637647696,0,0,0.65669184043295,0,0.815605658961477,0.697132100914552,0,0.469081356926609,0,-0.535685387953735,0.387044230719693,0.773766486760924,0.834376472028352,0,0.568233487532745,0.665425804966776,0,0.437744857074471,0.613270166405101,0.623593693036695,0.887780220015134,0.717448699109322,0.353505591996317,0,0,0.81135238579758,0,0,0.430749119947866,0.823565074201214,0,0,0.503677079030722,0,0.821900986617708,0.712680726006397,0.642309098096282,0.592835693599135,0,0,0.720107689273159,0.824196900477328,0.652889639567448,0.87446871982159,0.677192080996625,0.712375167762595,0.518439836026437,0,0.512474647221689,0,0.4939467103281,0,0,0.887730191176803,0.826431422915592,0,0.740250999397349,-0.820463548273615,0.851734382412779,0.602085438833585,-0.693396269981295,0,0,0.792078608911583,0.571905278113311,0,0,0,0,0.611153658771359,0,0.545870724967358,0.875083819376679,0,0,-0.644773877280962,0,0,-0.801748296908619,0,0,0.809804456606778,0.644827777584145,0,0,0.796470063691919,0,0.733326773673515,0,0.681886123921316,0.43150765034979,0,0.806292589208152,0.827322146068833,0.642852829320064,0.696502426672601,0,0,0,0,0,0,0.647141731148362,0.778585546887396,-0.495283574214977,0.750549089870733,0,0.844378182717937,0,0,0,0.570395845351016,0,0,0,0.761706163400163,0.602521348747729,0.552389776303687,-0.753104117478324
Epitheca canis,0.705532422128145,0.657666266834949,-0.635879061636763,-0.415662973592599,0,0.908996549845408,0.436875540496638,0.710087031913124,0.707260168081609,1,0.468327410432628,0.831776195940292,0,0,0,0,0.527338869208264,0.346720353823589,0,0.581426025542175,0,0,0.540072323138911,0.492377952479108,0.570753484181031,0,0.745656661025909,0,0,0.527610263862299,0.315142707802332,0.381810586150432,0.708729714976308,0.836062786962276,0.490218742113774,0,0.592748731144249,0.714631577042469,0,0.817507451076039,0,0.616520076228596,0,0,0.646366418488146,0.488095411115061,0.560321694766033,0.71246820400406,0.773848136054566,0,0,0.458180188205474,0.961954933712165,0.634637880530784,0.668463418391757,0.662322161864793,0.888999457463341,0.345625384047578,0.700043919921451,0,0.785821447037375,0,0,0,0.58639243366907,0.613472500522921,0.767375151956696,0,0.514844560240957,-0.55564126780422,0.679957489756789,0,0,0,0,0.530435351589828,0.713421107284958,0,0,0,0,0.615538956314991,0,0,0.789135046374861,0,0,0,0,0,-0.721813735888759,0,0,0.93219317332416,0,0,0,0.483765322345019,0,0,0,0,0.465256872258576,0,0.74677571395714,0.430145931663126,0,0.723313594663011,0.527106755531176,0,0.782984731868347,0,0,0,0,0.574528040813257,-0.471399974509194,0.948538012447667,0,0.636473930942221,0,0,0,0.430836390589212,0,0,0,0.682799132029187,0.321971294721677,0.578070664869482,-0.482997079992821
Gomphus borealis,0,0.521067619377007,0,-0.443460262962396,0,0.70075112477224,0,0,0,0.468327410432628,1,0.648932032215845,0,0.653885859269636,-0.628583049089291,-0.533929693963637,0,-0.61421007120345,0,0.596500535162258,0,0,0.675771419428323,-0.437750426990947,0,0,0.593027736598024,-0.500275201260469,0,0.563010492289985,-0.628965347225603,-0.565548047992535,0,0,0.636012404764518,0.721205534857831,0.912453878722374,0,0,0.730531703875922,-0.781830223089719,-0.335272583308621,0,0,0.596670484234646,0.42177044617847,-0.371816408295022,0,0,-0.611671436472163,0,0.712417936561639,0.516705600611482,0,0.396905770360501,0,0.568369865632651,-0.586963478052394,0.598715821412828,0.456306496906796,0.723338838790192,0.748098368445349,0,0.654448298087922,0,0,0,-0.781926933460192,0,0.372024212864995,0,0,0,0.790236296123321,0,0,0.564234450549958,0,0.778941017035828,-0.887491363238436,0,0.393063224696424,0,-0.615659541302637,0,-0.731212658811676,0,0,0,0,0,0.660816657612143,0,0.367088237650983,0,-0.901270996684234,0.715001096684964,0,-0.795199854537088,-0.534080860545666,0,0,0.487967397687338,0,0,0,0,0,0,-0.542446987732846,0,0,0.755020461389111,0,-0.629966806887914,0,-0.391142044701746,0.362465435918292,-0.853368215826604,-0.315921122238287,0.8414905615628,0.744908935011289,0,0.395483883686009,-0.89041143549016,0,-0.632301991198127,0.440404220672805,-0.619447902355059,0.446484031919545,0
Leucorrhinia proxima,0.844425958537178,0.91205978685972,-0.759647843288074,-0.766214081059175,0,0.891679860086177,0.335080324049238,0.807109953813863,0.603236637647696,0.831776195940292,0.648932032215845,1,0,0.754058031125442,0,-0.542890191019619,0.679830138077531,0,-0.598544766511047,0.882903569298454,0,0,0.86323609007337,0,0.714428073624418,0,0.953017210522526,0,0,0.841421083230224,0,0,0.537278506455427,0.493764082985646,0.844375957990186,0.732998935387311,0.820304090228809,0.407703989258787,0,0.82452041154513,0,0.332430893050606,0,0,0.873105754566744,0,0.358415606375182,0.858460552620034,0.588761976617177,0,0,0.793803277562148,0.902236831469844,0.372802721654926,0.889229936371649,0.513898227634226,0.946897370317826,0,0.872085991206852,0,0.960445692602689,0.73845543975804,0.581848644819799,0.735808770760553,0,0.516751013941337,0.663529085757458,0,0,0,0.538700208703313,0,0,0,0,0.69496710001629,0.915743031914368,0,0.673929705458108,-0.527591728016072,0,0.85831471718712,-0.651398649185494,0,0.721609877401789,0,0,0,0,-0.350163991073165,-0.727827536020236,0,0,0.882808737818333,0.589724172075035,-0.456979112872815,0.70782911991246,0.420653775621262,-0.695571941963164,0,0,0,0.803162240923694,-0.591209309905628,0.642579889466251,0.487810030318486,0,0.821195231314495,0,-0.72667192077092,0.531764207086017,-0.697181312549686,0,0,0,0.699854145250904,-0.795654219758462,0.78787751164751,-0.711227057936423,0.388461723809659,0,0,0,0.752510688362938,-0.445414918699639,0,0,0.837021824026831,0,0.846627294791957,0
Enallagma durum,0,0,0,0,0,0,0,0,0,0,0,0,1,0,0,0,0,0,0,0,0,0,0,0,0,0,0,0,0,0,0,0,0,0,0,0,0,0,0,0,0,0,0,0,0,0,0,0,0,0,0,0,0,0,0,0,0,0,0,0,0,0,0,0,0,0,0,0,0,0,0,0,0,0,0,0,0,0,0,0,0,0,0,0,0,0,0,0,0,0,0,0,0,0,0,0,0,0,0,0,0,0,0,0,0,0,0,0,0,0,0,0,0,0,0,0,0,0,0,0,0,0,0,0,0,0,0,0,0,0,0
Sympetrum danae,0,0.785447133608436,0,-0.752850724710082,0,0.606922989254626,0,0,0,0,0.653885859269636,0.754058031125442,0,1,0,-0.711643931103558,0.564963723348849,0,-0.715279293785264,0.822572719827398,0,0,0.852754712549311,0,0.579703702579042,0,0.777374769255041,0,0,0.800414960294471,0,0,0,0,0.836809379654672,0.778021350441153,0.778995063367736,0,0,0.586879375900183,0,0,0,0,0.778228642792222,0,0,0.66391248020335,0,0,0,0.821457117744918,0.558721568517629,0,0.72532506795636,0,0.670729307926135,0,0.728137430983343,0,0.793876922560214,0.805471163449928,0,0.775146029377331,0,0,0,0,0,0,0,0,0,0,0,0.601244833244311,0.761204204502309,0,0.800123464845302,-0.675866036928578,0,0.725813159000096,-0.700980978082108,0,0,0,0,0,0,0,0,0,0,0,0.605678806218704,-0.61326797477532,0.826034565288468,0,-0.784453236230879,0,0,0,0.780548173198721,0,0,0,0,0,0,-0.783621823604078,0,-0.71132753291276,0,0,0,0,-0.737363333289969,0,-0.770534602670425,0,0,0,0,0.746970595958125,-0.60529112398053,0,0,0.709209542977508,0,0.748887437259279,0
Tramea lacerata,0,0,0,0,0,0,0.679021196983634,0,0.65669184043295,0,-0.628583049089291,0,0,0,1,0.525911878905017,0,0.956595440541621,0,0,0,-0.483096868658636,0,0.877797122427758,0,0,0,0.736702428876553,0,0,0.951233179991587,0.927148227256284,0.789031192052712,0.635651962842329,0,0,-0.479273756449414,0.830235618045957,0,0,0.904021365019433,0.882617248606747,0,0,0,0,0.867114831617935,0,0,0.823600751396312,0,0,0,0.857420324445501,0,0.774049093032064,0,0.917250955510883,0,0,0,0,0,0,0,0.557118924704825,0.617484955917663,0.622091080617419,0.799365428156954,-0.869445283036813,0.754699953724977,0.607727026080925,-0.677531615316413,0,0,0,0,0,-0.599619515188629,0.782585854649932,0,0,0,0.9151970338966,0.621154790297563,0.65520076287238,0,-0.612321714673199,0,0,0,0,0,0.379947725926193,0,0.82256509495965,-0.525907148116224,0.756813026121741,0.575057358877518,0.823289942495967,0,0.615151372396027,0,0,0.609438164329201,0,0.80840270005911,0,0,0,0,0,-0.627915885471421,0,0.893069061259344,0.43714422189159,0,0.402176234929034,0.596519153906091,0.876217111506479,-0.688200648153114,0,0.774516412469278,0,0.809744174558933,0.693513952279734,0.795672944770437,0,0.94551108003885,0,-0.694030358822121
Dromogomphus spinosus,-0.488599522493404,-0.709626596591684,0,0.825467194117142,0.754292253541916,0,0,0,0,0,-0.533929693963637,-0.542890191019619,0,-0.711643931103558,0.525911878905017,1,-0.445909533126668,0.469381967077941,0.889753613440295,-0.777203522120673,0,0,-0.802694678770396,0,-0.4450542234269,0,-0.654569335513354,0.450657887009901,0,-0.780150200516661,0.634340929404645,0.611207977701285,0,0.395200142833302,-0.854010725469598,-0.753146560560807,-0.657212523962621,0.375800042979895,0,0,0.690478104601043,0.376260039812179,0.488576348931593,0,-0.648291682706531,0.471866452180434,0,-0.515454442101814,0,0.58141715388445,0.704218067997225,-0.805375787683385,0,0,-0.644228668198847,0,-0.407909477518259,0,0,0.400129331102942,-0.610084374444863,-0.789644907383659,-0.677474502582871,-0.829071291385135,0.610309883116288,0,0,0,0,0,0,0,0,0,0,-0.469297381437643,-0.627572803403519,0,-0.847728175198135,0.720686838407763,-0.714288866012012,-0.666872311129487,0.888616254080198,0.70982935551675,0,0.633108988364591,0.843144021907519,0,-0.704170825595399,0.709483023338822,0,0,0,0,-0.520335637593731,0.638432510727935,-0.898629260097544,0,0.818752277254291,0.438580647822729,0,0,-0.809100609579286,0.860444244899882,0,0,0,0,0.576235262255427,0.921516447173642,0,0.806179520299851,0,0,0,-0.416966666914406,0.791422146939898,0,0.770800027432313,0,0,0,0.762708776461636,-0.755282058294698,0.621510344918553,0.735992124159264,0.707554178284034,-0.504272532409591,0.656515723689061,-0.705668468949629,0
Aeshna tuberculifera,0.819100288945,0.760755172403319,-0.656075294095944,-0.717154976948741,-0.606662566060531,0.465258181868315,0.78537519917459,0.809192394158888,0.815605658961477,0.527338869208264,0,0.679830138077531,0,0.564963723348849,0,-0.445909533126668,1,0.365920570515652,-0.503427403806007,0.72004045876128,0,-0.64251175842509,0.666466450469524,0.499851183921029,0.961293276522683,0,0.713714505506992,0.455771683045651,0,0.701314256827458,0,0,0.649964879078295,0.328865077001271,0.660704930305503,0,0.386468141238168,0.447760551081671,0,0,0,0.48671941404797,-0.626059627099577,0,0.676948678085331,0,0.559571741703647,0.798149522352487,0,0,-0.58718619233929,0.556844823678043,0.60312231974065,0.502703407247394,0.806949372593003,0.659264470997439,0.67629993075746,0.443230550773379,0.634786588014652,-0.460726742133121,0.634260845401763,0.477240613671112,0.762503945136177,0.516996639668322,0,0.788677229390676,0.649550074705356,0,0,-0.548983852702705,0.643108472441734,0.574178012093388,-0.617163170654493,0,0.643486771035332,0.949416639607341,0.715613404237901,0,0,0,0,0.79132808027249,-0.67058205716068,0,0.733109732531452,0,-0.531042992246604,-0.660617909002395,0,-0.629605176621769,-0.734953865687216,0,0,0.693465358824178,0.883012549211122,0,0.508413709523067,0.670381369694934,0,0.497207667386986,0,0.635378864537934,0.719001256936229,-0.59660777889718,0.633053316069888,0.896988607379697,0,0.730114088922942,0,-0.619708617056654,0,-0.661214602712539,-0.359898068260104,0,0,0.842069763138766,-0.767016155693786,0.532395186732482,0,0.534969355488476,0,0,0,0.873894873116338,0,0,0,0.896317660882919,0,0.764032345967858,-0.648312413880571
Pachydiplax longipennis,0.372665137658056,0,0,0,0,0,0.69629322818455,0,0.697132100914552,0.346720353823589,-0.61421007120345,0,0,0,0.956595440541621,0.469381967077941,0.365920570515652,1,0,0,0,-0.550033734298748,0,0.926335331105414,0.378541637938952,0,0,0.720221351933916,0,0,0.962833398879402,0.945557823813118,0.843712697985286,0.660537590707223,0,0,-0.440201934979012,0.86776285331414,0,0,0.904821404981417,0.920126444445484,0,0,0,0,0.918297098358969,0,0,0.805824927877868,0,0,0.302228664135226,0.899497140899153,0,0.826949631041343,0,0.960101948699023,0,-0.327708217201131,0,0,0,0,0,0.575640900247045,0.683909050204874,0.65074656207083,0.816188525011742,-0.915233755101793,0.818527605270785,0.668458790729545,-0.735237611338305,0,0,0,0,-0.709199387572889,-0.557941234096404,0.766879763608861,0,0,0,0.916118664465475,0.693345255728994,0,0,-0.678842296746093,0,0,-0.555844314733914,0,0,0.446637983980662,0,0.819817193902955,-0.474891078456308,0.826113367439131,0.532640746845441,0.82306435100388,0,0.679186644540227,0,0,0.675010884619317,0.44617712775389,0.812471409127063,0,0,0,0,0,-0.666074226162205,0,0.929596022669852,0.51911920406254,0,0.448870696901413,0.555836078097928,0.92284725625389,-0.713919467024933,0,0.75441834022571,0,0.811074059527098,0.682380835253173,0.762278092293689,0,0.955705115610647,0,-0.756226602426489
Argia apicalis,0,-0.745080548511857,0,0.829437210022026,0.739201299041357,0,0,0,0,0,0,-0.598544766511047,0,-0.715279293785264,0,0.889753613440295,-0.503427403806007,0,1,-0.794218961552372,0,0,-0.810836938590022,0,-0.505676302019471,0,-0.698157736408862,0,0,-0.790939507484513,0.532886192872201,0.50337055568487,0,0,-0.852903021054355,-0.741407731424657,-0.661068544603419,0,0,0,0.609209386928848,0,0,0,-0.677026054789874,0.405466098565164,0,0,0,0.495430034386794,0.681769264897169,-0.798005629840745,0,0,-0.688055977611655,0,0,0,0,0,-0.653200887330347,-0.775718867723352,-0.686460729280837,-0.813265546691273,0.502601053883645,0,0,0,0,0,0,0,0,0,0,-0.524085330791375,-0.669499429397845,0,-0.812263401674541,0.664739394956751,0,-0.703177237704937,0.864904568954028,0.608476430202887,0,0,0.808706730223786,0,0,0.679364889411041,0,0,0,0,-0.551015568897101,0.585164946489719,-0.868184524291184,0,0.789031544523274,0,0,0,-0.815439385682086,0.839571852112541,0,0,0,0,0,0.897314895951298,0,0.806406527176474,0,0,0,0,0.807165865242085,0,0.744430109894679,0,0,0,0.663885002965238,-0.768221633836794,0.566143720729788,0.624679195385121,0.628184191559237,-0.563429202689275,0.552660458738094,-0.732647856645852,0
Enallagma boreale,0.833482832995315,0.951538601218061,-0.735895486995569,-0.903611407887654,-0.695392815336407,0.690181717860484,0,0.773574513609683,0.469081356926609,0.581426025542175,0.596500535162258,0.882903569298454,0,0.822572719827398,0,-0.777203522120673,0.72004045876128,0,-0.794218961552372,1,0,0,0.944648054425731,0,0.741055803764691,0,0.935339336739721,0,0,0.929990311802662,0,0,0.37302450448679,0,0.955792120622232,0.811401550611135,0.79218972923698,0,0,0.647689278869897,-0.429639973163956,0,-0.491181206303944,0,0.887258260826032,0,0,0.847865347636125,0,0,-0.639569974756183,0.886628771906272,0.68874639035333,0,0.919473588692129,0,0.815032945028729,0,0.834092242343271,0,0.899855873827143,0.834650620349059,0.752002063364334,0.856986632767059,0,0,0.50793793297128,0,0,0,0,0,0,0,0,0.732411967643051,0.906960439483413,0,0.805554542954581,-0.60757206957503,0,0.908462412087643,-0.852137878079026,0,0.5876951956767,0,-0.731069299718407,0,0,-0.613307540702489,-0.64246938096391,0,0,0.695088271719626,0.677370186239677,-0.511544705552715,0.865249001603647,0,-0.799279213046115,0,0,0,0.923838071773715,-0.79112685541222,0,0.495878230547847,0,0.777479230488685,0,-0.899077231028195,0,-0.843436482811474,0,0,0,0.721082175805968,-0.912569362388759,0.521340573357487,-0.775832710650466,0,0,0,0,0.879499859036736,-0.498024605723113,0,0,0.821335478287892,0,0.912381211286349,0
Boyeria sp.,0,0,0,0,0,0,0,0,0,0,0,0,0,0,0,0,0,0,0,0,1,0,0,0,0,0,0,0,0,0,0,0,0,0,0,0,0,0,0,0,0,0,0,0,0,0,0,0,0,0,0,0,0,0,0,0,0,0,0,0,0,0,0,0,0,0,0,0,0,0,0,0,0,0,0,0,0,0,0,0,0,0,0,0,0,0,0,0,0,0,0,0,0,0,0,0,0,0,0,0,0,0,0,0,0,0,0,0,0,0,0,0,0,0,0,0,0,0,0,0,0,0,0,0,0,0,0,0,0,0,0
Ophiogomphus aspersus,-0.624286065641582,-0.494690732388627,0,0.550815530257794,0.671487285668858,0,-0.544949253718745,-0.602887062543731,-0.535685387953735,0,0,0,0,0,-0.483096868658636,0,-0.64251175842509,-0.550033734298748,0,0,0,1,0,-0.606573627999737,-0.639009380382387,0,0,0,0,0,-0.379139453315161,0,-0.590052091421765,0,0,0,0,-0.375587531696729,0,0,0,-0.46873758245307,0.87083611884368,0,0,0.693723463544118,-0.625017067669,-0.555752136043616,0,0,0.763434692008969,0,0,-0.487333904968759,-0.59577634903575,-0.607870433208169,0,-0.648413793795984,0,0.836014808607887,0,0,-0.731683818705254,0,0,0,-0.536866319111957,0,0,0.604392518648743,-0.623518604268145,-0.772605125179482,0.758320130758947,0,-0.66646244838188,-0.576517176265586,0,0,0,0,0,-0.585722705949875,0.613609015226788,0,-0.613662339004403,0,0,0.88551714456298,0,0.81129295080335,0.595281480575115,0,0,0,0,0,0,-0.776681809876292,0,-0.428367657587666,0,-0.746256482331399,-0.507436086073727,0.54128609817443,-0.531049343409568,-0.55689256787792,0,0,0,0.447991929764328,0,0,0.806511852474602,0,-0.610011567043956,-0.772290839066686,0.621344203647978,0,0,-0.540189860082241,0.71735347517422,0,0,-0.559788324993385,0,0,0,0,0,-0.534460033321627,0.743693178487931
Somatochlora walshii,0.765686820157404,0.921460906888002,-0.684617955734273,-0.88038731421616,-0.658643788361772,0.68379936093642,0,0.706214576424276,0.387044230719693,0.540072323138911,0.675771419428323,0.86323609007337,0,0.852754712549311,0,-0.802694678770396,0.666466450469524,0,-0.810836938590022,0.944648054425731,0,0,1,0,0.684247525950599,0,0.907193337043622,0,0,0.925038900677976,-0.364375276115766,0,0,0,0.957040725225069,0.853079745381275,0.844333877614534,0,0,0.652074789375137,-0.537896260961849,0,0,0,0.880986478390007,0,0,0.794503020738999,0,0,-0.583919408079722,0.917117716709717,0.648969476927295,0,0.867233197171779,0,0.780949098345568,0,0.828668682943681,0,0.897918253207162,0.879712286931852,0.698610027989355,0.874905867362517,0,0,0,0,0,0,0,0,0,0,0,0.691253985644174,0.881080157411037,0,0.865826324549088,-0.697468903152355,0,0.864262053127811,-0.827515030949267,-0.43334849175738,0.487969840976444,0,-0.729057959742437,0,0.720759142893926,-0.557170431743691,-0.559950080909526,0,0,0.632915440431212,0.66811174122061,-0.614505263321887,0.910288444972439,0,-0.852518306735896,0,0,0,0.905840265164556,-0.777583272332754,0,0.446913545652288,0,0.712076740030981,0,-0.900580926861936,0,-0.83029058000519,0,0,0,0.63160945879817,-0.875410695308031,0.468262668618057,-0.832568956486807,0,0,0,0,0.860665058022912,-0.601587880025407,0,0,0.800394090790006,-0.377385454746343,0.880323573684249,0
Celithemis elisa,0.555388075499051,0,0,0,0,0,0.708453879232429,0.592219911108996,0.773766486760924,0.492377952479108,-0.437750426990947,0,0,0,0.877797122427758,0,0.499851183921029,0.926335331105414,0,0,0,-0.606573627999737,0,1,0.518613761491219,0,0,0.630528329576491,0,0,0.87101937828856,0.875762845585917,0.903696574103625,0.69880501756914,0,0,0,0.883711385487327,0,0,0.770547231335756,0.919433536886147,-0.450552640465513,0,0,0,0.935759427544423,0,0,0.692178395092003,0,0,0.470936469291129,0.910776102178757,0.412888049325691,0.886274151653038,0.390941373946571,0.930037242138041,0,0,0,0,0,0,0,0.63184380182464,0.790785724891812,0.557588534793076,0.796567175383441,-0.927469675741779,0.886369380463427,0.706594089330932,-0.773629972841736,0,0,0.425744561951324,0,-0.697902743257419,0,0.591333342571698,0,0,0,0.80921123146605,0.813249236116644,0,0,-0.729833317355937,0,0,-0.689097116902556,0,0,0.606962109868874,0,0.662366166019472,0,0.881113091421008,0,0.744542733788813,0,0.743578827196907,0,0,0.778303794570326,0.515013020489712,0.770328060298642,0,0,0,0,0,-0.613484295436485,0,0.879566354082007,0.661376952400973,0,0.574670989339576,0,0.938370125562822,-0.62672116340704,0,0.645961259158228,0,0.66012904267444,0.605086808284427,0.621251252748281,0,0.862969653278434,0,-0.816953798073912
Aeshna canadensis,0.845450287927312,0.787350801443991,-0.686752885107813,-0.729302320256314,-0.608436540940408,0.508745518682559,0.791131711888279,0.835203639992493,0.834376472028352,0.570753484181031,0,0.714428073624418,0,0.579703702579042,0,-0.4450542234269,0.961293276522683,0.378541637938952,-0.505676302019471,0.741055803764691,0,-0.639009380382387,0.684247525950599,0.518613761491219,1,0,0.744005203494541,0.451943887340575,0,0.719066816348127,0,0,0.676844570338488,0.368015779089088,0.679077909485801,0,0.411866147719657,0.479306742630727,0,0,0,0.512820305530101,-0.618749319282286,0,0.703110721228641,0,0.581350733074247,0.825293898318056,0,0,-0.582967197901129,0.573502369680993,0.645451654017603,0.529275197129906,0.831498299868468,0.682745519273614,0.713901169781561,0.454806723799694,0.664713745292234,-0.441671780675899,0.668915925934907,0.491181359550032,0.765909252612823,0.52967511310473,0,0.79724975528136,0.680733132562866,0,0,-0.570104005078417,0.669920087547855,0.582395387269612,-0.622758598590644,0,0.652512659179183,0.961193480899543,0.744126490813243,0,0.406875785833779,0,0,0.813071225334697,-0.673145344415926,0,0.765537598261366,0,-0.530438019063409,-0.664085331972997,0,-0.618632125836416,-0.767423818403459,0,0,0.733362588162709,0.882621366531449,0,0.516430242173258,0.687001811273904,0,0.499678195198867,0,0.647345744272972,0.735692759339572,-0.598301011798004,0.664837263312551,0.898150966925723,0,0.760667137958286,0,-0.628589462265629,0,-0.670461936158964,-0.343216466133429,0,0,0.860624430692196,-0.780134381253144,0.575435768222951,0,0.559470386140581,0,0,0,0.879506463154076,0,0,0,0.915910647252175,0,0.783666616332711,-0.665745190697871
Tramea carolina,0,0,0,0,0,0,0,0,0,0,0,0,0,0,0,0,0,0,0,0,0,0,0,0,0,1,0,0,0,0,0,0,0,0,0,0,0,0,0,0,0,0,0,0,0,0,0,0,0,0,0,0,0,0,0,0,0,0,0,0,0,0,0,0,0,0,0,0,0,0,0,0,0,0,0,0,0,0,0,0,0,0,0,0,0,0,0,0,0,0,0,0,0,0,0,0,0,0,0,0,0,0,0,0,0,0,0,0,0,0,0,0,0,0,0,0,0,0,0,0,0,0,0,0,0,0,0,0,0,0,0
Ladona julia,0.884499594676198,0.964831685777724,-0.79015507650333,-0.857096594870401,-0.621383645335375,0.818434181884405,0,0.834543460837797,0.568233487532745,0.745656661025909,0.593027736598024,0.953017210522526,0,0.777374769255041,0,-0.654569335513354,0.713714505506992,0,-0.698157736408862,0.935339336739721,0,0,0.907193337043622,0,0.744005203494541,0,1,0,0,0.901481135622601,0,0,0.519580298448116,0.375399439767967,0.912643048141144,0.759558796856187,0.793641704338945,0.340772366376604,0,0.761547663227373,-0.305234572393354,0.286293404236024,-0.441998364047757,0,0.892813293922045,0,0.355371740725234,0.892094084821845,0,0,-0.569163850252921,0.835170863176242,0.834091205608461,0.331296463860419,0.946625356146941,0.503172323556681,0.917300947048502,0,0.87254044040192,0,0.950701700136443,0.77174679787328,0.698361343903113,0.803528992771139,0,0,0.649893734772206,0,0,0,0.535055615861412,0,0,0,0,0.717078645424836,0.937886902845737,0,0.719704422122629,-0.5297320518143,0,0.920430849195511,-0.774553992399782,0,0.721193988844386,0,-0.631149214792522,-0.418318738620088,0,-0.51339918783533,-0.738838008273152,0,0,0.837087775907363,0.613490708909495,-0.438108206897188,0.772678950484535,0.466047619663741,-0.730563690878383,0,0,0,0.883665587157059,-0.708710238740225,0.631652204716075,0.488206483443314,0,0.848319702907291,0,-0.824775597523791,0,-0.787534413939893,0,0,0,0.764314969986759,-0.88572044980636,0.695127504314782,-0.72755472650628,0.357826583391651,0,0,0,0.819501650154246,-0.423353273214924,0,0,0.830879249931666,0,0.908172073226275,0
Sympetrum internum,0,0,0,0,0,0,0.857651831826486,0,0.665425804966776,0,-0.500275201260469,0,0,0,0.736702428876553,0.450657887009901,0.455771683045651,0.720221351933916,0,0,0,0,0,0.630528329576491,0.451943887340575,0,0,1,0,0,0.720747321278507,0.674570213949106,0.567735566996117,0.456038620449987,0,0,-0.400511862764193,0.601373517307857,0,0,0.686828386478418,0.674352728048141,0,0,0,0,0.623482043536092,0,0,0.878650273823719,0,0,0,0.636201314118292,0,0.56836052494955,0,0.670408076000855,0,0,0,0,0,0,0,0.716262024639489,0,0,0.669967528977802,-0.638485275531689,0,0,0,0,0,0.445981085607954,0,0,-0.482083210238842,0.612553469970857,0,0,0,0.700155404539164,0,0.546890874956445,0,0,0,0,0,0,0,0,0,0.62895803714131,-0.408496198667863,0,0.466472490542013,0.94056943553054,0,0,0,0,0,0.683933465076245,0.635331445136265,0,0,0,0,0,-0.465245328716776,0,0.67213345806536,0,0,0,0.501881656175109,0.637894761136464,-0.515789490498217,0,0.622791554637156,0,0.614006322923973,0.54169631111632,0.762210350491497,0,0.715301221698886,0,0
Ischnura hastata,0,0,0,0,0,0,0,0,0,0,0,0,0,0,0,0,0,0,0,0,0,0,0,0,0,0,0,0,1,0,0,0,0,0,0,0,0,0,0,0,0,0,0,0,0,0,0,0,0,0,0,0,0,0,0,0,0,0,0,0,0,0,0,0,0,0,0,0,0,0,0,0,0,0,0,0,0,0,0,0,0,0,0,0,0,0,0,0,0,0,0,0,0,0,0,0,0,0,0,0,0,0,0,0,0,0,0,0,0,0,0,0,0,0,0,0,0,0,0,0,0,0,0,0,0,0,0,0,0,0,0
Somatochlora tenebrosa,0.802799529618827,0.923252069294129,-0.70611785632723,-0.88983547912971,-0.704146068088118,0.638100458762812,0,0.745360517188323,0.437744857074471,0.527610263862299,0.563010492289985,0.841421083230224,0,0.800414960294471,0,-0.780150200516661,0.701314256827458,0,-0.790939507484513,0.929990311802662,0,0,0.925038900677976,0,0.719066816348127,0,0.901481135622601,0,0,1,0,0,0,0,0.934538989700508,0.797282750649625,0.75822584980164,0,0,0.600377251472652,0,0,-0.501204242872085,0,0.859761799981525,0,0,0.819220969848467,0,0,-0.647994698793475,0.869950479879858,0.637696208329873,0,0.89187020091231,0,0.770978923301259,0,0.805678773252802,0,0.860426857761514,0.816635998824634,0.749411258162333,0.839802719803709,0,0,0,0,0,0,0,0,0,0,0,0.712039518996414,0.873210979649657,0,0.793275994251716,-0.591936441705333,0,0.886095206961384,-0.848857680388128,0,0.553716850466196,0,-0.734280265460216,0,0,-0.627517969432054,-0.61336656205522,0,0,0.649338230842326,0.666378587685764,-0.496482384539034,0.857354647587597,0,-0.781388775899746,0,0,0,0.909191405234153,-0.789307327236286,0,0.481253660946824,0,0.74203603077528,0,-0.890314140951871,0,-0.833482825608024,0,0,0,0.70195185728159,-0.896804871296271,0.47027820946097,-0.750761578049463,0,0,0,0,0.86631479590214,-0.482595232121329,0,0,0.789957402254567,0,0.891414892870428,0
