Aeshna.canadensis,Aeshna.constricta,Aeshna.eremita,Aeshna.interrupta,Aeshna.tuberculifera,Aeshna.umbrosa,Amphiagrion.saucium,Anax.junius,Argia.fumipennis,Argia.moesta,Arigomphus.furcifer,Basiaeschna.janata,Boyeria.grafiana,Boyeria.vinosa,Calopteryx.aequabilis,Calopteryx.amata,Calopteryx.maculata,Celithemis.elisa,Celithemis.eponina,Chromagrion.conditum,Coenagrion.resolutum,Cordulegaster.diastatops,Cordulegaster.maculata,Cordulia.shurtleffii,Didymops.transversa,Dorocordulia.libera,Dromogomphus.spinosus,Enallagma.annexum,Enallagma.aspersum,Enallagma.boreale,Enallagma.carunculatum,Enallagma.civile,Enallagma.ebrium,Enallagma.exsulans,Enallagma.geminatum,Enallagma.hageni,Enallagma.signatum,Enallagma.vernale,Enallagma.vesperum,Epitheca.canis,Epitheca.cynosura,Epitheca.princeps,Epitheca.spinigera,Erythemis.simplicicollis,Gomphus.adelphus,Gomphus.borealis,Gomphus.descriptus,Gomphus.exilis,Gomphus.quadricolor,Gomphus.spicatus,Hagenius.brevistylus,Helocordulia.uhleri,Ischnura.posita,Ischnura.verticalis,Ladona.julia,Lanthus.parvulus,Lestes.congener,Lestes.disjunctus,Lestes.dryas,Lestes.eurinus,Lestes.forcipatus,Lestes.inaequalis,Lestes.rectangularis,Lestes.unguiculatus,Lestes.vigilax,Leucorrhinia.frigida,Leucorrhinia.glacialis,Leucorrhinia.hudsonica,Leucorrhinia.intacta,Leucorrhinia.proxima,Libellula.incesta,Libellula.luctuosa,Libellula.pulchella,Libellula.quadrimaculata,Macromia.illinoiensis,Nehalennia.irene,Ophiogomphus.aspersus,Ophiogomphus.carolus,Ophiogomphus.mainensis,Pachydiplax.longipennis,Pantala.flavescens,Perithemis.tenera,Plathemis.lydia,Somatochlora.elongata,Somatochlora.walshii,Somatochlora.williamsoni,Stylogomphus.albistylus,Stylurus.scudderi,Stylurus.spiniceps,Sympetrum.costiferum,Sympetrum.internum,Sympetrum.obtrusum,Sympetrum.semicinctum,Sympetrum.vicinum,Tramea.lacerata
Aeshna.canadensis,1,0.999,1,1,1,1,0.166,0.998,0.84,0.134,0.425,0,0.164,0.038,0,0,0.009,0.98,0.973,0.247,0.436,0.002,0,0.498,0.014,0.559,0.015,0.714,0.997,0.304,0.714,0.988,0.908,0.105,0.998,0.989,0.919,0.043,0.849,0.081,0.127,0.821,0.186,0.996,0,0.002,0,0.004,0.015,0,0.001,0,1,1,0.28,0.002,1,1,0.443,0.947,1,0.97,1,0.9,1,0.951,0.88,0.144,0.918,0.278,0.999,0.994,0.975,0.523,0,0.946,0,0,0,1,0.995,0.967,0.743,0.66,0.788,0.864,0,0.12,0.039,0.982,1,1,1,1,0.995
Aeshna.constricta,0.999,1,0.902,1,1,1,0.005,0.159,0.468,0.151,0.002,0,0.977,0.824,0,0.001,0,0.322,0.922,0,0,0,0.025,0.001,0,0,0.135,0.117,0.837,0.003,0.939,0.972,0.011,0.176,0.721,0.044,0.388,0,0.453,0,0,0.032,0,0.174,0.005,0,0.001,0,0.003,0,0.074,0.006,0.262,0.13,0,0.53,1,1,0.457,0.166,1,0.13,0.998,0.931,0.977,0.024,0.073,0,0.004,0,0.538,0.056,0.019,0,0.031,0.011,0.064,0.099,0.113,0.892,1,0.83,0,0.83,0.669,0.248,0.041,0.821,0.723,0.989,1,0.999,1,1,0.752
Aeshna.eremita,1,0.902,1,0.984,0.987,0.887,0.452,1,0.829,0.065,0.776,0.004,0.045,0.009,0.003,0,0.013,0.993,0.962,0.703,0.801,0.108,0,0.821,0.213,0.876,0.02,0.865,0.998,0.654,0.521,0.96,0.969,0.064,1,0.991,0.961,0.225,0.894,0.507,0.56,0.944,0.576,0.999,0,0.198,0,0.096,0.092,0.076,0.006,0,1,1,0.782,0,0.995,1,0.461,0.98,0.997,0.993,0.999,0.786,0.999,0.987,0.965,0.612,0.978,0.729,0.998,0.995,0.994,0.869,0,0.98,0.001,0,0,1,0.921,0.97,0.907,0.511,0.762,0.925,0,0.039,0.018,0.918,0.999,0.999,0.982,1,0.995
Aeshna.interrupta,1,1,0.984,1,1,1,0.029,0.65,0.625,0.089,0.022,0,0.847,0.487,0,0,0.001,0.659,0.975,0.001,0.02,0,0,0.021,0,0.015,0.049,0.286,0.97,0.022,0.898,0.991,0.125,0.112,0.935,0.333,0.631,0.001,0.642,0.002,0.002,0.171,0.008,0.568,0,0,0,0,0.002,0,0.015,0.001,0.789,0.67,0.004,0.148,1,1,0.472,0.475,1,0.461,1,0.938,1,0.201,0.3,0.001,0.102,0.005,0.864,0.38,0.221,0.011,0.002,0.121,0.007,0.009,0.009,0.995,0.999,0.918,0.035,0.775,0.742,0.497,0.002,0.573,0.385,0.992,1,1,1,1,0.923
Aeshna.tuberculifera,1,1,0.987,1,1,1,0.035,0.613,0.561,0.07,0.025,0,0.827,0.508,0,0,0,0.632,0.97,0.004,0.018,0,0,0.031,0,0.026,0.057,0.304,0.955,0.031,0.894,0.988,0.149,0.078,0.917,0.312,0.602,0.002,0.625,0.003,0.001,0.187,0.01,0.538,0,0,0,0,0.002,0,0.017,0,0.738,0.61,0.005,0.204,1,1,0.474,0.473,1,0.428,1,0.938,0.998,0.217,0.302,0.005,0.13,0.013,0.842,0.372,0.233,0.02,0.005,0.144,0.008,0.016,0.014,0.986,0.998,0.912,0.051,0.788,0.744,0.466,0.006,0.58,0.421,0.991,1,1,1,1,0.904
Aeshna.umbrosa,1,1,0.887,1,1,1,0.009,0.127,0.407,0.136,0.001,0,0.983,0.838,0,0.003,0,0.285,0.917,0,0,0,0.038,0.002,0,0.002,0.145,0.109,0.831,0.002,0.94,0.967,0.002,0.177,0.679,0.042,0.37,0,0.429,0,0,0.022,0,0.149,0.006,0,0.001,0,0.002,0,0.085,0.003,0.244,0.108,0,0.587,1,0.999,0.45,0.158,1,0.101,1,0.927,0.969,0.021,0.07,0,0.004,0,0.512,0.044,0.017,0,0.033,0.007,0.088,0.121,0.128,0.88,0.999,0.827,0.001,0.829,0.674,0.237,0.046,0.837,0.72,0.987,1,0.997,1,1,0.726
Amphiagrion.saucium,0.166,0.005,0.452,0.029,0.035,0.009,1,0.925,0.665,0.701,0.999,0.962,0.02,0.085,0.92,0.827,0.952,0.843,0.192,0.999,0.996,0.991,0.625,0.997,0.994,0.996,0.655,0.936,0.447,0.996,0.058,0.157,0.991,0.672,0.594,0.97,0.761,0.99,0.711,0.998,0.998,0.982,0.996,0.925,0.829,0.996,0.839,0.988,0.971,0.989,0.726,0.789,0.888,0.935,0.997,0.211,0.046,0.147,0.539,0.914,0.077,0.935,0.159,0.139,0.239,0.985,0.957,0.998,0.989,0.997,0.738,0.967,0.979,0.997,0.744,0.987,0.668,0.571,0.52,0.51,0.023,0.357,0.996,0.175,0.43,0.864,0.722,0.088,0.147,0.063,0.097,0.139,0.032,0.084,0.529
Anax.junius,0.998,0.159,1,0.65,0.613,0.127,0.925,1,0.679,0.048,1,0.192,0,0,0.014,0,0.12,1,0.83,1,1,0.848,0,1,0.893,1,0.07,0.996,0.987,0.999,0.169,0.773,1,0.098,1,1,0.981,0.842,0.925,1,0.997,1,0.998,1,0.003,0.975,0.005,0.764,0.584,0.837,0.045,0,1,1,1,0,0.871,0.997,0.527,1,0.932,1,1,0.497,0.975,1,1,1,1,1,1,1,1,1,0.003,1,0.003,0,0,1,0.371,0.903,1,0.274,0.665,0.986,0.003,0.001,0.001,0.528,0.996,0.987,0.631,0.995,0.989
Argia.fumipennis,0.84,0.468,0.829,0.625,0.561,0.407,0.665,0.679,1,0.733,0.74,0.407,0.2,0.329,0.733,0.275,0.8,0.852,0.576,0.775,0.712,0.504,0.176,0.777,0.612,0.754,0.4,0.738,0.789,0.641,0.276,0.668,0.822,0.72,0.828,0.948,0.773,0.488,0.79,0.624,0.683,0.815,0.664,0.873,0.213,0.587,0.219,0.578,0.49,0.519,0.298,0.199,0.891,0.917,0.74,0.13,0.632,0.831,0.439,0.809,0.686,0.866,0.812,0.535,0.812,0.828,0.758,0.719,0.815,0.757,0.857,0.899,0.837,0.755,0.282,0.838,0.188,0.185,0.149,0.841,0.546,0.684,0.903,0.417,0.667,0.822,0.302,0.199,0.163,0.634,0.817,0.802,0.654,0.788,0.758
Argia.moesta,0.134,0.151,0.065,0.089,0.07,0.136,0.701,0.048,0.733,1,0.482,0.959,0.728,0.934,1,0.989,1,0.167,0.061,0.595,0.422,0.822,0.974,0.474,0.831,0.405,0.946,0.299,0.082,0.47,0.278,0.133,0.253,1,0.074,0.647,0.208,0.705,0.292,0.607,0.609,0.311,0.569,0.146,0.97,0.791,0.972,0.902,0.882,0.871,0.962,0.974,0.115,0.185,0.489,0.926,0.033,0.085,0.49,0.141,0.054,0.187,0.048,0.229,0.119,0.232,0.206,0.61,0.269,0.561,0.095,0.244,0.186,0.425,0.983,0.261,0.967,0.957,0.959,0.038,0.122,0.087,0.598,0.403,0.407,0.295,0.977,0.789,0.846,0.193,0.114,0.053,0.114,0.049,0.051
Arigomphus.furcifer,0.425,0.002,0.776,0.022,0.025,0.001,0.999,1,0.74,0.482,1,0.945,0,0.003,0.821,0.534,0.934,0.987,0.337,1,1,0.998,0.205,1,0.999,1,0.41,0.993,0.741,1,0.071,0.28,1,0.476,0.882,1,0.914,0.989,0.831,1,1,1,0.999,1,0.566,1,0.61,0.989,0.964,0.999,0.485,0.474,0.997,1,1,0.015,0.054,0.391,0.536,0.999,0.157,0.997,0.413,0.212,0.499,1,1,1,1,1,0.965,1,1,1,0.443,1,0.326,0.232,0.168,0.894,0.028,0.557,1,0.164,0.526,0.975,0.433,0.016,0.033,0.118,0.208,0.328,0.02,0.193,0.798
Basiaeschna.janata,0,0,0.004,0,0,0,0.962,0.192,0.407,0.959,0.945,1,0.232,0.656,1,1,1,0.253,0.023,0.991,0.953,0.999,1,0.945,0.999,0.955,0.967,0.64,0.019,0.958,0.113,0.01,0.775,0.933,0.035,0.535,0.287,0.996,0.315,0.994,0.992,0.733,0.988,0.277,1,1,1,1,0.996,1,0.991,1,0.123,0.182,0.988,0.928,0,0,0.535,0.389,0,0.404,0,0.054,0,0.669,0.554,0.995,0.793,0.987,0.078,0.442,0.625,0.969,0.999,0.761,0.999,0.998,0.999,0.001,0,0.061,0.92,0.23,0.255,0.418,1,0.517,0.701,0.008,0,0,0,0,0.051
Boyeria.grafiana,0.164,0.977,0.045,0.847,0.827,0.983,0.02,0,0.2,0.728,0,0.232,1,1,0.586,0.863,0.262,0.002,0.451,0,0,0.017,0.984,0,0.016,0,0.79,0.002,0.083,0.001,0.908,0.487,0,0.716,0.015,0,0.037,0.03,0.111,0,0.002,0,0.001,0,0.834,0.004,0.788,0.042,0.125,0.019,0.765,0.882,0,0,0,1,0.72,0.184,0.473,0,0.535,0,0.15,0.664,0.206,0,0,0,0,0,0.001,0,0,0,0.848,0,0.917,0.957,0.993,0.012,0.873,0.265,0,0.801,0.397,0.014,0.851,0.996,0.992,0.73,0.361,0.266,0.842,0.387,0.068
Boyeria.vinosa,0.038,0.824,0.009,0.487,0.508,0.838,0.085,0,0.329,0.934,0.003,0.656,1,1,0.947,0.986,0.782,0,0.231,0.002,0.003,0.171,1,0.002,0.129,0.001,0.907,0.006,0.031,0.012,0.822,0.287,0,0.901,0,0.002,0.024,0.167,0.079,0.013,0.013,0.001,0.018,0,0.973,0.059,0.976,0.218,0.371,0.186,0.925,0.988,0,0,0.001,1,0.271,0.037,0.484,0,0.154,0,0.02,0.536,0.062,0,0,0.003,0,0.004,0,0,0,0,0.971,0,0.986,0.991,0.998,0.001,0.662,0.137,0,0.742,0.351,0.015,0.982,0.998,0.997,0.523,0.086,0.06,0.484,0.07,0.017
Calopteryx.aequabilis,0,0,0.003,0,0,0,0.92,0.014,0.733,1,0.821,1,0.586,0.947,1,1,1,0.119,0.021,0.952,0.819,0.998,1,0.788,0.997,0.778,0.986,0.416,0.01,0.811,0.151,0.011,0.386,0.999,0.008,0.576,0.163,0.972,0.243,0.984,0.959,0.443,0.928,0.061,1,0.999,1,0.999,0.996,1,0.999,1,0.014,0.024,0.941,0.987,0,0,0.516,0.136,0,0.161,0,0.09,0.001,0.243,0.268,0.958,0.398,0.924,0.014,0.148,0.185,0.82,1,0.348,1,0.999,1,0,0.002,0.039,0.795,0.292,0.292,0.282,1,0.766,0.869,0.023,0,0,0.001,0,0.013
Calopteryx.amata,0,0.001,0,0,0,0.003,0.827,0,0.275,0.989,0.534,1,0.863,0.986,1,1,1,0.024,0.02,0.707,0.499,0.998,1,0.476,0.984,0.393,0.99,0.273,0.002,0.648,0.273,0.015,0.083,0.968,0.003,0.037,0.084,0.946,0.146,0.894,0.833,0.166,0.788,0.003,1,0.993,1,0.997,0.991,1,0.999,1,0,0,0.654,1,0,0,0.539,0.045,0,0.03,0,0.114,0,0.042,0.112,0.825,0.072,0.699,0.003,0.008,0.017,0.427,1,0.068,1,1,1,0,0.007,0.028,0.291,0.355,0.227,0.143,1,0.901,0.963,0.027,0,0,0,0,0.003
Calopteryx.maculata,0.009,0,0.013,0.001,0,0,0.952,0.12,0.8,1,0.934,1,0.262,0.782,1,1,1,0.29,0.026,0.993,0.936,0.995,1,0.94,0.998,0.937,0.97,0.59,0.044,0.901,0.096,0.024,0.771,1,0.042,0.808,0.302,0.971,0.361,0.992,0.985,0.748,0.974,0.322,1,0.999,1,0.999,0.999,1,0.993,1,0.175,0.341,0.986,0.887,0,0.002,0.508,0.376,0,0.45,0,0.093,0.024,0.684,0.511,0.995,0.79,0.987,0.091,0.564,0.638,0.962,0.999,0.774,0.995,0.993,0.997,0.002,0.001,0.056,0.976,0.255,0.35,0.486,0.999,0.528,0.665,0.033,0.002,0.002,0.001,0,0.045
Celithemis.elisa,0.98,0.322,0.993,0.659,0.632,0.285,0.843,1,0.852,0.167,0.987,0.253,0.002,0,0.119,0.024,0.29,1,0.8,0.982,0.989,0.701,0.005,0.994,0.76,0.993,0.088,0.986,0.98,0.964,0.212,0.767,0.999,0.156,0.997,0.999,0.976,0.741,0.926,0.94,0.957,0.996,0.96,1,0.035,0.827,0.047,0.643,0.517,0.663,0.073,0.023,1,1,0.989,0,0.79,0.964,0.5,0.999,0.85,1,0.966,0.535,0.944,0.999,0.997,0.966,0.997,0.983,1,1,1,0.994,0.031,0.998,0.024,0.006,0.003,0.998,0.476,0.888,0.996,0.306,0.669,0.978,0.026,0.002,0.003,0.565,0.924,0.941,0.669,0.921,0.984
Celithemis.eponina,0.973,0.922,0.962,0.975,0.97,0.917,0.192,0.83,0.576,0.061,0.337,0.023,0.451,0.231,0.021,0.02,0.026,0.8,1,0.264,0.346,0.076,0.027,0.356,0.093,0.379,0.06,0.551,0.942,0.295,0.748,0.95,0.563,0.081,0.926,0.641,0.79,0.123,0.756,0.204,0.219,0.544,0.23,0.783,0.021,0.104,0.02,0.061,0.058,0.067,0.033,0.021,0.853,0.809,0.29,0.108,0.979,0.981,0.446,0.732,0.974,0.723,0.98,0.857,0.979,0.62,0.633,0.237,0.552,0.294,0.899,0.727,0.65,0.354,0.028,0.573,0.034,0.034,0.037,0.963,0.941,0.92,0.424,0.642,0.725,0.677,0.026,0.318,0.223,0.938,0.98,0.979,0.973,0.978,0.928
Chromagrion.conditum,0.247,0,0.703,0.001,0.004,0,0.999,1,0.775,0.595,1,0.991,0,0.002,0.952,0.707,0.993,0.982,0.264,1,1,1,0.297,1,1,1,0.503,0.991,0.676,1,0.054,0.21,1,0.556,0.838,1,0.898,0.999,0.823,1,1,1,1,0.999,0.737,1,0.775,0.998,0.987,1,0.584,0.636,1,1,1,0.024,0.012,0.205,0.529,0.997,0.074,0.999,0.218,0.18,0.383,1,0.999,1,1,1,0.956,1,1,1,0.555,1,0.428,0.31,0.231,0.832,0.013,0.478,1,0.164,0.509,0.971,0.555,0.021,0.035,0.083,0.074,0.184,0.002,0.052,0.741
Coenagrion.resolutum,0.436,0,0.801,0.02,0.018,0,0.996,1,0.712,0.422,1,0.953,0,0.003,0.819,0.499,0.936,0.989,0.346,1,1,1,0.182,1,1,1,0.396,0.994,0.765,1,0.056,0.291,1,0.477,0.901,1,0.915,0.997,0.834,1,1,1,1,1,0.563,1,0.612,0.995,0.97,1,0.482,0.437,1,1,1,0.011,0.034,0.386,0.538,0.999,0.151,1,0.43,0.219,0.494,1,1,1,1,1,0.976,1,1,1,0.415,1,0.314,0.204,0.138,0.901,0.028,0.563,1,0.169,0.525,0.974,0.425,0.011,0.02,0.114,0.2,0.325,0.014,0.176,0.808
Cordulegaster.diastatops,0.002,0,0.108,0,0,0,0.991,0.848,0.504,0.822,0.998,0.999,0.017,0.171,0.998,0.998,0.995,0.701,0.076,1,1,1,0.956,0.999,1,1,0.856,0.883,0.161,0.997,0.063,0.041,0.992,0.812,0.296,0.954,0.619,1,0.546,1,1,0.982,1,0.829,0.997,1,0.997,1,0.997,1,0.933,0.994,0.704,0.86,1,0.446,0,0,0.55,0.829,0,0.89,0,0.069,0.028,0.988,0.933,1,0.993,1,0.469,0.942,0.978,1,0.964,0.99,0.928,0.898,0.883,0.125,0.001,0.181,0.999,0.173,0.344,0.763,0.958,0.181,0.307,0.012,0,0.003,0,0,0.253
Cordulegaster.maculata,0,0.025,0,0,0,0.038,0.625,0,0.176,0.974,0.205,1,0.984,1,1,1,1,0.005,0.027,0.297,0.182,0.956,1,0.16,0.888,0.083,0.985,0.122,0.001,0.355,0.453,0.028,0.005,0.959,0.001,0,0.036,0.848,0.097,0.587,0.503,0.026,0.48,0,1,0.915,1,0.96,0.961,0.982,0.999,1,0,0,0.176,1,0,0,0.536,0.008,0,0.005,0,0.181,0,0.002,0.028,0.412,0.008,0.256,0,0.001,0,0.086,1,0.003,1,1,1,0,0.033,0.028,0.042,0.453,0.233,0.063,1,0.97,0.991,0.048,0,0,0,0,0.001
Cordulia.shurtleffii,0.498,0.001,0.821,0.021,0.031,0.002,0.997,1,0.777,0.474,1,0.945,0,0.002,0.788,0.476,0.94,0.994,0.356,1,1,0.999,0.16,1,0.998,1,0.38,0.994,0.772,1,0.066,0.323,1,0.464,0.91,1,0.922,0.989,0.843,1,1,1,1,1,0.499,1,0.565,0.989,0.957,1,0.45,0.4,0.998,1,1,0.012,0.055,0.432,0.536,0.999,0.176,1,0.463,0.234,0.534,1,1,1,1,1,0.98,1,1,1,0.391,1,0.295,0.2,0.132,0.918,0.037,0.55,1,0.171,0.533,0.974,0.377,0.011,0.029,0.119,0.226,0.369,0.024,0.236,0.827
Didymops.transversa,0.014,0,0.213,0,0,0,0.994,0.893,0.612,0.831,0.999,0.999,0.016,0.129,0.997,0.984,0.998,0.76,0.093,1,1,1,0.888,0.998,1,1,0.811,0.909,0.25,1,0.061,0.062,0.99,0.786,0.406,0.959,0.689,1,0.597,1,1,0.976,1,0.897,0.981,1,0.989,0.999,0.997,1,0.883,0.969,0.817,0.917,1,0.341,0,0.011,0.529,0.872,0.004,0.91,0.013,0.086,0.073,0.986,0.943,1,0.997,1,0.563,0.959,0.981,1,0.922,0.996,0.854,0.801,0.782,0.245,0.002,0.222,0.999,0.163,0.369,0.807,0.909,0.145,0.239,0.02,0.005,0.016,0,0.004,0.356
Dorocordulia.libera,0.559,0,0.876,0.015,0.026,0.002,0.996,1,0.754,0.405,1,0.955,0,0.001,0.778,0.393,0.937,0.993,0.379,1,1,1,0.083,1,1,1,0.349,0.997,0.819,1,0.062,0.33,1,0.426,0.941,1,0.937,0.996,0.846,1,1,1,1,1,0.469,1,0.521,0.991,0.967,1,0.426,0.327,1,1,1,0.002,0.051,0.491,0.53,1,0.192,1,0.542,0.245,0.587,1,1,1,1,1,0.993,1,1,1,0.319,1,0.237,0.142,0.078,0.959,0.036,0.596,1,0.175,0.55,0.977,0.349,0.006,0.018,0.149,0.259,0.422,0.016,0.233,0.866
Dromogomphus.spinosus,0.015,0.135,0.02,0.049,0.057,0.145,0.655,0.07,0.4,0.946,0.41,0.967,0.79,0.907,0.986,0.99,0.97,0.088,0.06,0.503,0.396,0.856,0.985,0.38,0.811,0.349,1,0.276,0.031,0.489,0.386,0.062,0.212,0.949,0.036,0.191,0.136,0.798,0.191,0.63,0.592,0.229,0.576,0.093,0.988,0.805,0.986,0.879,0.903,0.87,0.974,0.988,0.058,0.075,0.434,0.953,0.027,0.017,0.53,0.132,0.024,0.125,0.013,0.207,0.018,0.167,0.185,0.561,0.205,0.475,0.047,0.129,0.163,0.363,0.987,0.203,0.984,0.981,0.984,0.017,0.109,0.059,0.312,0.437,0.265,0.166,0.989,0.847,0.896,0.107,0.017,0.014,0.061,0.017,0.035
Enallagma.annexum,0.714,0.117,0.865,0.286,0.304,0.109,0.936,0.996,0.738,0.299,0.993,0.64,0.002,0.006,0.416,0.273,0.59,0.986,0.551,0.991,0.994,0.883,0.122,0.994,0.909,0.997,0.276,1,0.843,0.979,0.142,0.505,0.999,0.312,0.916,0.997,0.942,0.892,0.862,0.976,0.978,0.998,0.978,0.997,0.292,0.944,0.311,0.84,0.789,0.873,0.3,0.241,0.991,0.999,0.993,0.022,0.398,0.69,0.517,0.995,0.503,0.997,0.719,0.362,0.718,0.999,0.998,0.986,0.999,0.991,0.962,0.999,0.999,0.994,0.246,0.999,0.182,0.132,0.105,0.915,0.221,0.708,0.998,0.225,0.585,0.965,0.239,0.012,0.027,0.306,0.58,0.651,0.285,0.581,0.884
Enallagma.aspersum,0.997,0.837,0.998,0.97,0.955,0.831,0.447,0.987,0.789,0.082,0.741,0.019,0.083,0.031,0.01,0.002,0.044,0.98,0.942,0.676,0.765,0.161,0.001,0.772,0.25,0.819,0.031,0.843,1,0.646,0.515,0.946,0.919,0.072,0.996,0.955,0.946,0.252,0.889,0.497,0.546,0.894,0.566,0.983,0.002,0.265,0.003,0.138,0.125,0.129,0.012,0.002,0.989,0.991,0.719,0.005,0.99,0.997,0.484,0.953,0.993,0.958,0.998,0.782,0.995,0.943,0.924,0.584,0.921,0.699,0.989,0.966,0.952,0.805,0.003,0.927,0.001,0.001,0.002,0.997,0.882,0.962,0.859,0.515,0.766,0.909,0.003,0.064,0.028,0.896,0.995,0.995,0.967,0.997,0.992
Enallagma.boreale,0.304,0.003,0.654,0.022,0.031,0.002,0.996,0.999,0.641,0.47,1,0.958,0.001,0.012,0.811,0.648,0.901,0.964,0.295,1,1,0.997,0.355,1,1,1,0.489,0.979,0.646,1,0.066,0.227,1,0.5,0.794,0.998,0.88,0.996,0.799,1,1,1,1,0.996,0.687,1,0.726,0.991,0.971,0.998,0.568,0.613,0.983,0.999,1,0.052,0.038,0.272,0.542,0.988,0.124,0.996,0.307,0.193,0.394,1,0.999,1,1,1,0.899,1,1,1,0.529,1,0.466,0.353,0.3,0.767,0.029,0.477,1,0.161,0.483,0.953,0.539,0.022,0.057,0.093,0.146,0.251,0.024,0.156,0.714
Enallagma.carunculatum,0.714,0.939,0.521,0.898,0.894,0.94,0.058,0.169,0.276,0.278,0.071,0.113,0.908,0.822,0.151,0.273,0.096,0.212,0.748,0.054,0.056,0.063,0.453,0.066,0.061,0.062,0.386,0.142,0.515,0.066,1,0.789,0.083,0.304,0.407,0.099,0.29,0.067,0.315,0.051,0.048,0.089,0.059,0.165,0.281,0.052,0.269,0.071,0.081,0.061,0.354,0.304,0.19,0.149,0.059,0.738,0.871,0.739,0.491,0.162,0.815,0.137,0.746,0.818,0.665,0.095,0.122,0.051,0.086,0.058,0.32,0.113,0.101,0.064,0.333,0.086,0.415,0.474,0.505,0.463,0.915,0.611,0.064,0.791,0.532,0.188,0.357,0.866,0.796,0.851,0.786,0.759,0.899,0.799,0.447
Enallagma.civile,0.988,0.972,0.96,0.991,0.988,0.967,0.157,0.773,0.668,0.133,0.28,0.01,0.487,0.287,0.011,0.015,0.024,0.767,0.95,0.21,0.291,0.041,0.028,0.323,0.062,0.33,0.062,0.505,0.946,0.227,0.789,1,0.519,0.124,0.914,0.638,0.753,0.068,0.711,0.131,0.142,0.48,0.172,0.741,0.015,0.055,0.013,0.03,0.036,0.024,0.035,0.018,0.827,0.787,0.229,0.142,0.992,0.989,0.449,0.713,0.992,0.689,0.991,0.891,0.983,0.564,0.592,0.176,0.497,0.231,0.879,0.68,0.601,0.301,0.022,0.519,0.026,0.041,0.035,0.959,0.967,0.919,0.372,0.703,0.715,0.643,0.023,0.344,0.253,0.963,0.99,0.987,0.992,0.991,0.912
Enallagma.ebrium,0.908,0.011,0.969,0.125,0.149,0.002,0.991,1,0.822,0.253,1,0.775,0,0,0.386,0.083,0.771,0.999,0.563,1,1,0.992,0.005,1,0.99,1,0.212,0.999,0.919,1,0.083,0.519,1,0.284,0.992,1,0.962,0.977,0.893,1,1,1,1,1,0.126,1,0.151,0.967,0.89,0.993,0.213,0.054,1,1,1,0,0.273,0.875,0.535,1,0.508,1,0.905,0.321,0.836,1,1,1,1,1,1,1,1,1,0.094,1,0.054,0.03,0.009,0.997,0.1,0.751,1,0.187,0.597,0.986,0.114,0.002,0.005,0.25,0.695,0.778,0.128,0.679,0.944
Enallagma.exsulans,0.105,0.176,0.064,0.112,0.078,0.177,0.672,0.098,0.72,1,0.476,0.933,0.716,0.901,0.999,0.968,1,0.156,0.081,0.556,0.477,0.812,0.959,0.464,0.786,0.426,0.949,0.312,0.072,0.5,0.304,0.124,0.284,1,0.083,0.576,0.174,0.717,0.274,0.605,0.615,0.315,0.575,0.153,0.957,0.772,0.955,0.855,0.853,0.827,0.956,0.956,0.127,0.173,0.498,0.905,0.061,0.084,0.499,0.167,0.067,0.202,0.056,0.234,0.095,0.247,0.237,0.608,0.288,0.526,0.102,0.22,0.225,0.428,0.973,0.282,0.946,0.947,0.948,0.051,0.16,0.105,0.514,0.412,0.364,0.277,0.965,0.775,0.828,0.167,0.104,0.068,0.128,0.07,0.064
Enallagma.geminatum,0.998,0.721,1,0.935,0.917,0.679,0.594,1,0.828,0.074,0.882,0.035,0.015,0,0.008,0.003,0.042,0.997,0.926,0.838,0.901,0.296,0.001,0.91,0.406,0.941,0.036,0.916,0.996,0.794,0.407,0.914,0.992,0.083,1,0.992,0.97,0.396,0.929,0.696,0.742,0.971,0.729,0.999,0.001,0.438,0.003,0.257,0.206,0.247,0.018,0.004,0.999,1,0.894,0,0.98,0.997,0.481,0.996,0.978,0.999,0.997,0.705,0.994,0.995,0.977,0.764,0.991,0.848,0.999,0.999,0.996,0.935,0.002,0.996,0.001,0.002,0,1,0.79,0.957,0.963,0.441,0.724,0.952,0.002,0.018,0.006,0.818,0.993,0.994,0.926,0.995,0.994
Enallagma.hageni,0.989,0.044,0.991,0.333,0.312,0.042,0.97,1,0.948,0.647,1,0.535,0,0.002,0.576,0.037,0.808,0.999,0.641,1,1,0.954,0,1,0.959,1,0.191,0.997,0.955,0.998,0.099,0.638,1,0.576,0.992,1,0.97,0.915,0.916,1,1,1,1,1,0.044,0.997,0.053,0.906,0.76,0.956,0.145,0.019,1,1,1,0,0.539,0.975,0.51,1,0.739,1,0.979,0.414,0.93,1,1,1,1,1,1,1,1,1,0.06,1,0.028,0.013,0.003,0.999,0.2,0.809,1,0.228,0.659,0.988,0.073,0.003,0.003,0.41,0.928,0.925,0.36,0.907,0.963
Enallagma.signatum,0.919,0.388,0.961,0.631,0.602,0.37,0.761,0.981,0.773,0.208,0.914,0.287,0.037,0.024,0.163,0.084,0.302,0.976,0.79,0.898,0.915,0.619,0.036,0.922,0.689,0.937,0.136,0.942,0.946,0.88,0.29,0.753,0.962,0.174,0.97,0.97,1,0.662,0.897,0.838,0.852,0.953,0.859,0.982,0.09,0.716,0.086,0.581,0.484,0.586,0.123,0.067,0.982,0.98,0.915,0.019,0.734,0.908,0.501,0.979,0.811,0.98,0.908,0.539,0.909,0.968,0.961,0.876,0.961,0.899,0.975,0.975,0.969,0.935,0.076,0.962,0.06,0.046,0.037,0.97,0.521,0.858,0.943,0.35,0.662,0.947,0.069,0.035,0.027,0.579,0.873,0.888,0.627,0.866,0.955
Enallagma.vernale,0.043,0,0.225,0.001,0.002,0,0.99,0.842,0.488,0.705,0.989,0.996,0.03,0.167,0.972,0.946,0.971,0.741,0.123,0.999,0.997,1,0.848,0.989,1,0.996,0.798,0.892,0.252,0.996,0.067,0.068,0.977,0.717,0.396,0.915,0.662,1,0.589,0.999,0.998,0.961,0.999,0.831,0.955,1,0.957,1,0.995,1,0.864,0.931,0.749,0.848,0.999,0.366,0.004,0.029,0.544,0.841,0.017,0.876,0.035,0.095,0.094,0.954,0.922,0.998,0.981,0.999,0.54,0.917,0.962,0.996,0.887,0.977,0.828,0.772,0.76,0.266,0.002,0.238,0.992,0.173,0.356,0.78,0.889,0.15,0.258,0.024,0.016,0.038,0.002,0.01,0.366
Enallagma.vesperum,0.849,0.453,0.894,0.642,0.625,0.429,0.711,0.925,0.79,0.292,0.831,0.315,0.111,0.079,0.243,0.146,0.361,0.926,0.756,0.823,0.834,0.546,0.097,0.843,0.597,0.846,0.191,0.862,0.889,0.799,0.315,0.711,0.893,0.274,0.929,0.916,0.897,0.589,1,0.757,0.783,0.882,0.773,0.921,0.152,0.645,0.161,0.526,0.473,0.535,0.152,0.129,0.93,0.934,0.834,0.064,0.721,0.834,0.501,0.92,0.764,0.912,0.843,0.547,0.845,0.896,0.897,0.794,0.892,0.818,0.932,0.919,0.905,0.854,0.137,0.889,0.104,0.093,0.08,0.922,0.539,0.821,0.869,0.353,0.65,0.883,0.135,0.088,0.085,0.58,0.799,0.812,0.633,0.798,0.904
Epitheca.canis,0.081,0,0.507,0.002,0.003,0,0.998,1,0.624,0.607,1,0.994,0,0.013,0.984,0.894,0.992,0.94,0.204,1,1,1,0.587,1,1,1,0.63,0.976,0.497,1,0.051,0.131,1,0.605,0.696,1,0.838,0.999,0.757,1,1,1,1,0.996,0.901,1,0.922,1,0.994,1,0.734,0.847,0.992,1,1,0.08,0.001,0.064,0.536,0.98,0.024,0.994,0.083,0.13,0.208,1,0.996,1,1,1,0.868,1,1,1,0.744,1,0.65,0.513,0.439,0.63,0.007,0.364,1,0.156,0.446,0.934,0.731,0.039,0.081,0.038,0.024,0.069,0.001,0.015,0.603
Epitheca.cynosura,0.127,0,0.56,0.002,0.001,0,0.998,0.997,0.683,0.609,1,0.992,0.002,0.013,0.959,0.833,0.985,0.957,0.219,1,1,1,0.503,1,1,1,0.592,0.978,0.546,1,0.048,0.142,1,0.615,0.742,1,0.852,0.998,0.783,1,1,1,1,0.997,0.84,1,0.866,0.998,0.988,1,0.686,0.782,0.987,0.999,1,0.064,0.005,0.107,0.531,0.982,0.047,0.996,0.098,0.148,0.255,1,0.995,1,1,1,0.883,1,1,1,0.679,1,0.573,0.45,0.373,0.689,0.007,0.401,1,0.155,0.47,0.949,0.661,0.03,0.065,0.067,0.037,0.093,0.001,0.032,0.65
Epitheca.princeps,0.821,0.032,0.944,0.171,0.187,0.022,0.982,1,0.815,0.311,1,0.733,0,0.001,0.443,0.166,0.748,0.996,0.544,1,1,0.982,0.026,1,0.976,1,0.229,0.998,0.894,1,0.089,0.48,1,0.315,0.971,1,0.953,0.961,0.882,1,1,1,1,1,0.203,0.999,0.246,0.943,0.851,0.978,0.242,0.136,1,1,1,0.001,0.316,0.804,0.528,1,0.515,1,0.824,0.334,0.786,1,1,1,1,1,0.997,1,1,1,0.148,1,0.1,0.065,0.03,0.979,0.124,0.745,1,0.198,0.59,0.985,0.151,0.005,0.01,0.268,0.642,0.71,0.177,0.619,0.927
Epitheca.spinigera,0.186,0,0.576,0.008,0.01,0,0.996,0.998,0.664,0.569,0.999,0.988,0.001,0.018,0.928,0.788,0.974,0.96,0.23,1,1,1,0.48,1,1,1,0.576,0.978,0.566,1,0.059,0.172,1,0.575,0.729,1,0.859,0.999,0.773,1,1,1,1,0.995,0.794,1,0.828,0.998,0.989,1,0.653,0.739,0.983,0.999,1,0.073,0.013,0.163,0.535,0.98,0.056,0.994,0.176,0.156,0.299,1,0.996,1,1,1,0.883,0.999,1,1,0.653,1,0.543,0.429,0.37,0.684,0.011,0.413,1,0.163,0.469,0.94,0.656,0.032,0.066,0.058,0.069,0.158,0.01,0.054,0.641
Erythemis.simplicicollis,0.996,0.174,0.999,0.568,0.538,0.149,0.925,1,0.873,0.146,1,0.277,0,0,0.061,0.003,0.322,1,0.783,0.999,1,0.829,0,1,0.897,1,0.093,0.997,0.983,0.996,0.165,0.741,1,0.153,0.999,1,0.982,0.831,0.921,0.996,0.997,1,0.995,1,0.013,0.953,0.006,0.767,0.615,0.81,0.071,0.003,1,1,1,0,0.782,0.991,0.518,1,0.875,1,0.995,0.476,0.971,1,1,0.997,1,1,1,1,1,1,0.013,1,0.01,0.003,0.002,1,0.368,0.882,1,0.258,0.673,0.986,0.013,0.002,0.002,0.511,0.977,0.969,0.586,0.977,0.986
Gomphus.adelphus,0,0.005,0,0,0,0.006,0.829,0.003,0.213,0.97,0.566,1,0.834,0.973,1,1,1,0.035,0.021,0.737,0.563,0.997,1,0.499,0.981,0.469,0.988,0.292,0.002,0.687,0.281,0.015,0.126,0.957,0.001,0.044,0.09,0.955,0.152,0.901,0.84,0.203,0.794,0.013,1,0.988,1,0.995,0.989,0.998,0.999,1,0.001,0.003,0.705,0.998,0,0,0.544,0.052,0,0.047,0,0.107,0,0.068,0.143,0.832,0.13,0.714,0.002,0.019,0.027,0.482,1,0.095,1,1,1,0,0.006,0.023,0.34,0.355,0.229,0.154,1,0.886,0.948,0.02,0,0,0,0,0.004
Gomphus.borealis,0.002,0,0.198,0,0,0,0.996,0.975,0.587,0.791,1,1,0.004,0.059,0.999,0.993,0.999,0.827,0.104,1,1,1,0.915,1,1,1,0.805,0.944,0.265,1,0.052,0.055,1,0.772,0.438,0.997,0.716,1,0.645,1,1,0.999,1,0.953,0.988,1,0.994,1,0.997,1,0.881,0.987,0.911,0.989,1,0.241,0,0.002,0.547,0.924,0,0.964,0.003,0.087,0.052,1,0.983,1,1,1,0.642,0.998,0.998,1,0.937,1,0.875,0.795,0.797,0.237,0.003,0.237,1,0.162,0.367,0.856,0.93,0.092,0.184,0.014,0.001,0.007,0,0,0.375
Gomphus.descriptus,0,0.001,0,0,0,0.001,0.839,0.005,0.219,0.972,0.61,1,0.788,0.976,1,1,1,0.047,0.02,0.775,0.612,0.997,1,0.565,0.989,0.521,0.986,0.311,0.003,0.726,0.269,0.013,0.151,0.955,0.003,0.053,0.086,0.957,0.161,0.922,0.866,0.246,0.828,0.006,1,0.994,1,0.997,0.992,0.999,0.998,1,0.001,0.002,0.745,0.997,0,0,0.547,0.069,0,0.055,0,0.107,0,0.097,0.159,0.85,0.166,0.764,0.005,0.024,0.058,0.556,1,0.135,1,1,1,0,0.006,0.025,0.39,0.339,0.216,0.169,1,0.863,0.949,0.018,0,0,0,0,0.004
Gomphus.exilis,0.004,0,0.096,0,0,0,0.988,0.764,0.578,0.902,0.989,1,0.042,0.218,0.999,0.997,0.999,0.643,0.061,0.998,0.995,1,0.96,0.989,0.999,0.991,0.879,0.84,0.138,0.991,0.071,0.03,0.967,0.855,0.257,0.906,0.581,1,0.526,1,0.998,0.943,0.998,0.767,0.995,1,0.997,1,0.997,1,0.944,0.994,0.641,0.778,0.997,0.517,0,0.002,0.533,0.789,0.001,0.832,0.002,0.073,0.027,0.935,0.887,0.999,0.974,0.997,0.412,0.893,0.944,0.997,0.969,0.97,0.937,0.918,0.894,0.106,0,0.157,0.988,0.184,0.332,0.725,0.96,0.206,0.336,0.016,0,0.004,0,0.001,0.223
Gomphus.quadricolor,0.015,0.003,0.092,0.002,0.002,0.002,0.971,0.584,0.49,0.882,0.964,0.996,0.125,0.371,0.996,0.991,0.999,0.517,0.058,0.987,0.97,0.997,0.961,0.957,0.997,0.967,0.903,0.789,0.125,0.971,0.081,0.036,0.89,0.853,0.206,0.76,0.484,0.995,0.473,0.994,0.988,0.851,0.989,0.615,0.989,0.997,0.992,0.997,1,0.998,0.937,0.984,0.463,0.585,0.983,0.615,0.002,0.01,0.537,0.65,0.005,0.686,0.005,0.083,0.034,0.845,0.77,0.991,0.899,0.985,0.32,0.738,0.83,0.968,0.964,0.889,0.933,0.913,0.914,0.098,0.004,0.146,0.949,0.195,0.314,0.615,0.962,0.312,0.437,0.015,0.005,0.01,0.002,0.004,0.19
Gomphus.spicatus,0,0,0.076,0,0,0,0.989,0.837,0.519,0.871,0.999,1,0.019,0.186,1,1,1,0.663,0.067,1,1,1,0.982,1,1,1,0.87,0.873,0.129,0.998,0.061,0.024,0.993,0.827,0.247,0.956,0.586,1,0.535,1,1,0.978,1,0.81,0.998,1,0.999,1,0.998,1,0.95,0.996,0.689,0.845,1,0.497,0,0.001,0.538,0.801,0,0.864,0,0.075,0.017,0.983,0.93,1,0.997,1,0.398,0.941,0.98,1,0.983,0.994,0.943,0.922,0.928,0.069,0,0.153,1,0.18,0.325,0.733,0.967,0.203,0.32,0.008,0,0,0,0,0.216
Hagenius.brevistylus,0.001,0.074,0.006,0.015,0.017,0.085,0.726,0.045,0.298,0.962,0.485,0.991,0.765,0.925,0.999,0.999,0.993,0.073,0.033,0.584,0.482,0.933,0.999,0.45,0.883,0.426,0.974,0.3,0.012,0.568,0.354,0.035,0.213,0.956,0.018,0.145,0.123,0.864,0.152,0.734,0.686,0.242,0.653,0.071,0.999,0.881,0.998,0.944,0.937,0.95,1,0.999,0.031,0.04,0.536,0.976,0.003,0.001,0.542,0.106,0.004,0.115,0.001,0.151,0.002,0.179,0.191,0.66,0.227,0.566,0.025,0.104,0.14,0.441,0.999,0.213,0.997,0.995,0.996,0.006,0.051,0.042,0.368,0.397,0.239,0.174,0.996,0.843,0.911,0.051,0.002,0.001,0.012,0.002,0.018
Helocordulia.uhleri,0,0.006,0,0.001,0,0.003,0.789,0,0.199,0.974,0.474,1,0.882,0.988,1,1,1,0.023,0.021,0.636,0.437,0.994,1,0.4,0.969,0.327,0.988,0.241,0.002,0.613,0.304,0.018,0.054,0.956,0.004,0.019,0.067,0.931,0.129,0.847,0.782,0.136,0.739,0.003,1,0.987,1,0.994,0.984,0.996,0.999,1,0,0,0.576,0.999,0,0,0.538,0.034,0,0.02,0,0.126,0,0.031,0.074,0.759,0.052,0.589,0,0.002,0.015,0.358,1,0.036,1,1,1,0,0.01,0.026,0.219,0.373,0.223,0.121,1,0.908,0.971,0.025,0,0,0,0,0.005
Ischnura.posita,1,0.262,1,0.789,0.738,0.244,0.888,1,0.891,0.115,0.997,0.123,0,0,0.014,0,0.175,1,0.853,1,1,0.704,0,0.998,0.817,1,0.058,0.991,0.989,0.983,0.19,0.827,1,0.127,0.999,1,0.982,0.749,0.93,0.992,0.987,1,0.983,1,0.001,0.911,0.001,0.641,0.463,0.689,0.031,0,1,1,1,0,0.937,0.998,0.51,1,0.96,1,0.998,0.547,0.99,1,1,0.998,1,0.998,1,1,1,1,0.002,1,0.001,0.001,0,1,0.486,0.925,1,0.307,0.689,0.983,0.001,0.001,0.002,0.631,0.997,0.993,0.772,0.996,0.994
Ischnura.verticalis,1,0.13,1,0.67,0.61,0.108,0.935,1,0.917,0.185,1,0.182,0,0,0.024,0,0.341,1,0.809,1,1,0.86,0,1,0.917,1,0.075,0.999,0.991,0.999,0.149,0.787,1,0.173,1,1,0.98,0.848,0.934,1,0.999,1,0.999,1,0.003,0.989,0.002,0.778,0.585,0.845,0.04,0,1,1,1,0,0.886,0.999,0.512,1,0.939,1,1,0.489,0.979,1,1,1,1,1,1,1,1,1,0.005,1,0.003,0.002,0,1,0.39,0.894,1,0.252,0.673,0.989,0.004,0.001,0.001,0.539,1,0.99,0.659,1,0.989
Ladona.julia,0.28,0,0.782,0.004,0.005,0,0.997,1,0.74,0.489,1,0.988,0,0.001,0.941,0.654,0.986,0.989,0.29,1,1,1,0.176,1,1,1,0.434,0.993,0.719,1,0.059,0.229,1,0.498,0.894,1,0.915,0.999,0.834,1,1,1,1,1,0.705,1,0.745,0.997,0.983,1,0.536,0.576,1,1,1,0.01,0.007,0.221,0.53,0.999,0.07,1,0.26,0.195,0.413,1,1,1,1,1,0.978,1,1,1,0.472,1,0.343,0.23,0.158,0.92,0.017,0.518,1,0.164,0.513,0.971,0.48,0.018,0.026,0.079,0.059,0.204,0.003,0.043,0.792
Lanthus.parvulus,0.002,0.53,0,0.148,0.204,0.587,0.211,0,0.13,0.926,0.015,0.928,1,1,0.987,1,0.887,0,0.108,0.024,0.011,0.446,1,0.012,0.341,0.002,0.953,0.022,0.005,0.052,0.738,0.142,0,0.905,0,0,0.019,0.366,0.064,0.08,0.064,0.001,0.073,0,0.998,0.241,0.997,0.517,0.615,0.497,0.976,0.999,0,0,0.01,1,0.061,0.004,0.504,0,0.038,0,0,0.375,0.007,0,0.003,0.032,0,0.015,0,0,0,0.001,1,0,0.999,0.997,1,0,0.385,0.067,0.001,0.655,0.288,0.025,0.996,0.997,0.999,0.3,0.007,0.004,0.154,0.006,0.003
Lestes.congener,1,1,0.995,1,1,1,0.046,0.871,0.632,0.033,0.054,0,0.72,0.271,0,0,0,0.79,0.979,0.012,0.034,0,0,0.055,0,0.051,0.027,0.398,0.99,0.038,0.871,0.992,0.273,0.061,0.98,0.539,0.734,0.004,0.721,0.001,0.005,0.316,0.013,0.782,0,0,0,0,0.002,0,0.003,0,0.937,0.886,0.007,0.061,1,1,0.466,0.672,1,0.658,1,0.939,1,0.412,0.476,0.004,0.254,0.018,0.951,0.633,0.458,0.029,0,0.284,0.002,0.002,0.001,1,0.998,0.946,0.088,0.757,0.749,0.611,0,0.415,0.26,0.992,1,1,1,1,0.96
Lestes.disjunctus,1,1,1,1,1,0.999,0.147,0.997,0.831,0.085,0.391,0,0.184,0.037,0,0,0.002,0.964,0.981,0.205,0.386,0,0,0.432,0.011,0.491,0.017,0.69,0.997,0.272,0.739,0.989,0.875,0.084,0.997,0.975,0.908,0.029,0.834,0.064,0.107,0.804,0.163,0.991,0,0.002,0,0.002,0.01,0.001,0.001,0,0.998,0.999,0.221,0.004,1,1,0.456,0.942,1,0.95,1,0.896,1,0.936,0.86,0.115,0.886,0.23,0.998,0.99,0.971,0.483,0,0.922,0,0,0,1,0.997,0.973,0.666,0.68,0.782,0.839,0,0.127,0.057,0.983,1,1,1,1,0.994
Lestes.dryas,0.443,0.457,0.461,0.472,0.474,0.45,0.539,0.527,0.439,0.49,0.536,0.535,0.473,0.484,0.516,0.539,0.508,0.5,0.446,0.529,0.538,0.55,0.536,0.536,0.529,0.53,0.53,0.517,0.484,0.542,0.491,0.449,0.535,0.499,0.481,0.51,0.501,0.544,0.501,0.536,0.531,0.528,0.535,0.518,0.544,0.547,0.547,0.533,0.537,0.538,0.542,0.538,0.51,0.512,0.53,0.504,0.466,0.456,1,0.522,0.471,0.518,0.455,0.46,0.457,0.531,0.536,0.539,0.537,0.531,0.485,0.526,0.538,0.535,0.531,0.544,0.523,0.539,0.52,0.481,0.462,0.466,0.519,0.464,0.484,0.506,0.528,0.486,0.489,0.455,0.456,0.453,0.448,0.45,0.484
Lestes.eurinus,0.947,0.166,0.98,0.475,0.473,0.158,0.914,1,0.809,0.141,0.999,0.389,0,0,0.136,0.045,0.376,0.999,0.732,0.997,0.999,0.829,0.008,0.999,0.872,1,0.132,0.995,0.953,0.988,0.162,0.713,1,0.167,0.996,1,0.979,0.841,0.92,0.98,0.982,1,0.98,1,0.052,0.924,0.069,0.789,0.65,0.801,0.106,0.034,1,1,0.999,0,0.672,0.942,0.522,1,0.787,1,0.96,0.475,0.908,1,1,0.995,1,0.999,0.999,1,1,1,0.048,1,0.035,0.019,0.01,0.997,0.338,0.851,1,0.244,0.65,0.983,0.042,0.001,0.005,0.463,0.902,0.908,0.486,0.879,0.977
Lestes.forcipatus,1,1,0.997,1,1,1,0.077,0.932,0.686,0.054,0.157,0,0.535,0.154,0,0,0,0.85,0.974,0.074,0.151,0,0,0.176,0.004,0.192,0.024,0.503,0.993,0.124,0.815,0.992,0.508,0.067,0.978,0.739,0.811,0.017,0.764,0.024,0.047,0.515,0.056,0.875,0,0,0,0.001,0.005,0,0.004,0,0.96,0.939,0.07,0.038,1,1,0.471,0.787,1,0.785,1,0.932,1,0.626,0.629,0.032,0.478,0.079,0.973,0.806,0.68,0.164,0,0.555,0.002,0.001,0.001,0.999,0.997,0.956,0.293,0.722,0.766,0.722,0,0.318,0.173,0.988,1,1,1,1,0.974
Lestes.inaequalis,0.97,0.13,0.993,0.461,0.428,0.101,0.935,1,0.866,0.187,0.997,0.404,0,0,0.161,0.03,0.45,1,0.723,0.999,1,0.89,0.005,1,0.91,1,0.125,0.997,0.958,0.996,0.137,0.689,1,0.202,0.999,1,0.98,0.876,0.912,0.994,0.996,1,0.994,1,0.047,0.964,0.055,0.832,0.686,0.864,0.115,0.02,1,1,1,0,0.658,0.95,0.518,1,0.785,1,0.974,0.432,0.944,1,1,0.998,1,1,1,1,1,1,0.046,1,0.021,0.009,0.006,0.999,0.281,0.841,1,0.24,0.651,0.987,0.044,0.001,0.003,0.449,0.911,0.918,0.447,0.897,0.974
Lestes.rectangularis,1,0.998,0.999,1,1,1,0.159,1,0.812,0.048,0.413,0,0.15,0.02,0,0,0,0.966,0.98,0.218,0.43,0,0,0.463,0.013,0.542,0.013,0.719,0.998,0.307,0.746,0.991,0.905,0.056,0.997,0.979,0.908,0.035,0.843,0.083,0.098,0.824,0.176,0.995,0,0.003,0,0.002,0.005,0,0.001,0,0.998,1,0.26,0,1,1,0.455,0.96,1,0.974,1,0.895,1,0.957,0.884,0.126,0.91,0.25,0.998,0.994,0.981,0.518,0,0.938,0,0,0,1,0.997,0.97,0.698,0.659,0.774,0.851,0,0.113,0.039,0.983,1,1,1,1,0.996
Lestes.unguiculatus,0.9,0.931,0.786,0.938,0.938,0.927,0.139,0.497,0.535,0.229,0.212,0.054,0.664,0.536,0.09,0.114,0.093,0.535,0.857,0.18,0.219,0.069,0.181,0.234,0.086,0.245,0.207,0.362,0.782,0.193,0.818,0.891,0.321,0.234,0.705,0.414,0.539,0.095,0.547,0.13,0.148,0.334,0.156,0.476,0.107,0.087,0.107,0.073,0.083,0.075,0.151,0.126,0.547,0.489,0.195,0.375,0.939,0.896,0.46,0.475,0.932,0.432,0.895,1,0.867,0.359,0.381,0.154,0.333,0.188,0.629,0.424,0.382,0.229,0.14,0.343,0.171,0.202,0.21,0.764,0.927,0.78,0.259,0.735,0.652,0.462,0.143,0.568,0.485,0.913,0.913,0.9,0.938,0.924,0.72
Lestes.vigilax,1,0.977,0.999,1,0.998,0.969,0.239,0.975,0.812,0.119,0.499,0,0.206,0.062,0.001,0,0.024,0.944,0.979,0.383,0.494,0.028,0,0.534,0.073,0.587,0.018,0.718,0.995,0.394,0.665,0.983,0.836,0.095,0.994,0.93,0.909,0.094,0.845,0.208,0.255,0.786,0.299,0.971,0,0.052,0,0.027,0.034,0.017,0.002,0,0.99,0.979,0.413,0.007,1,1,0.457,0.908,1,0.944,1,0.867,1,0.872,0.861,0.286,0.836,0.403,0.992,0.951,0.909,0.56,0,0.858,0,0,0,1,0.974,0.969,0.689,0.636,0.77,0.834,0.001,0.132,0.073,0.959,1,1,0.999,1,0.99
Leucorrhinia.frigida,0.951,0.024,0.987,0.201,0.217,0.021,0.985,1,0.828,0.232,1,0.669,0,0,0.243,0.042,0.684,0.999,0.62,1,1,0.988,0.002,1,0.986,1,0.167,0.999,0.943,1,0.095,0.564,1,0.247,0.995,1,0.968,0.954,0.896,1,1,1,1,1,0.068,1,0.097,0.935,0.845,0.983,0.179,0.031,1,1,1,0,0.412,0.936,0.531,1,0.626,1,0.957,0.359,0.872,1,1,1,1,1,1,1,1,1,0.066,1,0.044,0.016,0.005,1,0.14,0.789,1,0.207,0.613,0.986,0.077,0.002,0.004,0.307,0.821,0.842,0.198,0.812,0.962
Leucorrhinia.glacialis,0.88,0.073,0.965,0.3,0.302,0.07,0.957,1,0.758,0.206,1,0.554,0,0,0.268,0.112,0.511,0.997,0.633,0.999,1,0.933,0.028,1,0.943,1,0.185,0.998,0.924,0.999,0.122,0.592,1,0.237,0.977,1,0.961,0.922,0.897,0.996,0.995,1,0.996,1,0.143,0.983,0.159,0.887,0.77,0.93,0.191,0.074,1,1,1,0.003,0.476,0.86,0.536,1,0.629,1,0.884,0.381,0.861,1,1,1,1,1,0.995,1,1,1,0.103,1,0.08,0.049,0.029,0.983,0.208,0.786,1,0.226,0.621,0.985,0.119,0.004,0.008,0.362,0.759,0.798,0.303,0.759,0.94
Leucorrhinia.hudsonica,0.144,0,0.612,0.001,0.005,0,0.998,1,0.719,0.61,1,0.995,0,0.003,0.958,0.825,0.995,0.966,0.237,1,1,1,0.412,1,1,1,0.561,0.986,0.584,1,0.051,0.176,1,0.608,0.764,1,0.876,0.998,0.794,1,1,1,1,0.997,0.832,1,0.85,0.999,0.991,1,0.66,0.759,0.998,1,1,0.032,0.004,0.115,0.539,0.995,0.032,0.998,0.126,0.154,0.286,1,1,1,1,1,0.92,1,1,1,0.636,1,0.533,0.408,0.321,0.754,0.009,0.432,1,0.155,0.48,0.959,0.64,0.025,0.051,0.056,0.041,0.101,0.002,0.024,0.678
Leucorrhinia.intacta,0.918,0.004,0.978,0.102,0.13,0.004,0.989,1,0.815,0.269,1,0.793,0,0,0.398,0.072,0.79,0.997,0.552,1,1,0.993,0.008,1,0.997,1,0.205,0.999,0.921,1,0.086,0.497,1,0.288,0.991,1,0.961,0.981,0.892,1,1,1,1,1,0.13,1,0.166,0.974,0.899,0.997,0.227,0.052,1,1,1,0,0.254,0.886,0.537,1,0.478,1,0.91,0.333,0.836,1,1,1,1,1,1,1,1,1,0.108,1,0.059,0.022,0.005,0.996,0.097,0.742,1,0.199,0.592,0.983,0.13,0.002,0.004,0.253,0.69,0.775,0.111,0.674,0.946
Leucorrhinia.proxima,0.278,0,0.729,0.005,0.013,0,0.997,1,0.757,0.561,1,0.987,0,0.004,0.924,0.699,0.987,0.983,0.294,1,1,1,0.256,1,1,1,0.475,0.991,0.699,1,0.058,0.231,1,0.526,0.848,1,0.899,0.999,0.818,1,1,1,1,1,0.714,1,0.764,0.997,0.985,1,0.566,0.589,0.998,1,1,0.015,0.018,0.23,0.531,0.999,0.079,1,0.25,0.188,0.403,1,1,1,1,1,0.955,1,1,1,0.551,1,0.414,0.298,0.207,0.851,0.012,0.49,1,0.159,0.508,0.966,0.53,0.019,0.033,0.077,0.088,0.195,0.005,0.078,0.758
Libellula.incesta,0.999,0.538,0.998,0.864,0.842,0.512,0.738,1,0.857,0.095,0.965,0.078,0.001,0,0.014,0.003,0.091,1,0.899,0.956,0.976,0.469,0,0.98,0.563,0.993,0.047,0.962,0.989,0.899,0.32,0.879,1,0.102,0.999,1,0.975,0.54,0.932,0.868,0.883,0.997,0.883,1,0.002,0.642,0.005,0.412,0.32,0.398,0.025,0,1,1,0.978,0,0.951,0.998,0.485,0.999,0.973,1,0.998,0.629,0.992,1,0.995,0.92,1,0.955,1,1,1,0.994,0.007,1,0.001,0,0,1,0.68,0.932,0.998,0.366,0.71,0.972,0,0.007,0.003,0.745,0.994,0.994,0.87,0.991,0.996
Libellula.luctuosa,0.994,0.056,0.995,0.38,0.372,0.044,0.967,1,0.899,0.244,1,0.442,0,0,0.148,0.008,0.564,1,0.727,1,1,0.942,0.001,1,0.959,1,0.129,0.999,0.966,1,0.113,0.68,1,0.22,0.999,1,0.975,0.917,0.919,1,1,1,0.999,1,0.019,0.998,0.024,0.893,0.738,0.941,0.104,0.002,1,1,1,0,0.633,0.99,0.526,1,0.806,1,0.994,0.424,0.951,1,1,1,1,1,1,1,1,1,0.028,1,0.016,0.009,0.001,1,0.242,0.843,1,0.231,0.635,0.988,0.026,0.002,0.004,0.414,0.954,0.937,0.38,0.949,0.982
Libellula.pulchella,0.975,0.019,0.994,0.221,0.233,0.017,0.979,1,0.837,0.186,1,0.625,0,0,0.185,0.017,0.638,1,0.65,1,1,0.978,0,1,0.981,1,0.163,0.999,0.952,1,0.101,0.601,1,0.225,0.996,1,0.969,0.962,0.905,1,1,1,1,1,0.027,0.998,0.058,0.944,0.83,0.98,0.14,0.015,1,1,1,0,0.458,0.971,0.538,1,0.68,1,0.981,0.382,0.909,1,1,1,1,1,1,1,1,1,0.047,1,0.03,0.014,0.002,1,0.152,0.809,1,0.219,0.623,0.989,0.057,0.002,0.003,0.34,0.883,0.898,0.229,0.874,0.971
Libellula.quadrimaculata,0.523,0,0.869,0.011,0.02,0,0.997,1,0.755,0.425,1,0.969,0,0,0.82,0.427,0.962,0.994,0.354,1,1,1,0.086,1,1,1,0.363,0.994,0.805,1,0.064,0.301,1,0.428,0.935,1,0.935,0.996,0.854,1,1,1,1,1,0.482,1,0.556,0.997,0.968,1,0.441,0.358,1,1,1,0.001,0.029,0.483,0.535,1,0.164,1,0.518,0.229,0.56,1,1,1,1,1,0.994,1,1,1,0.344,1,0.243,0.146,0.076,0.963,0.021,0.588,1,0.174,0.535,0.98,0.35,0.008,0.018,0.128,0.194,0.38,0.012,0.185,0.857
Macromia.illinoiensis,0,0.031,0,0.002,0.005,0.033,0.744,0.003,0.282,0.983,0.443,0.999,0.848,0.971,1,1,0.999,0.031,0.028,0.555,0.415,0.964,1,0.391,0.922,0.319,0.987,0.246,0.003,0.529,0.333,0.022,0.094,0.973,0.002,0.06,0.076,0.887,0.137,0.744,0.679,0.148,0.653,0.013,1,0.937,1,0.969,0.964,0.983,0.999,1,0.002,0.005,0.472,1,0,0,0.531,0.048,0,0.046,0,0.14,0,0.066,0.103,0.636,0.108,0.551,0.007,0.028,0.047,0.344,1,0.089,1,1,1,0,0.025,0.023,0.244,0.393,0.236,0.123,1,0.906,0.966,0.035,0,0,0.002,0,0.005
Nehalennia.irene,0.946,0.011,0.98,0.121,0.144,0.007,0.987,1,0.838,0.261,1,0.761,0,0,0.348,0.068,0.774,0.998,0.573,1,1,0.99,0.003,1,0.996,1,0.203,0.999,0.927,1,0.086,0.519,1,0.282,0.996,1,0.962,0.977,0.889,1,1,1,1,1,0.095,1,0.135,0.97,0.889,0.994,0.213,0.036,1,1,1,0,0.284,0.922,0.544,1,0.555,1,0.938,0.343,0.858,1,1,1,1,1,1,1,1,1,0.089,1,0.052,0.021,0.003,0.999,0.097,0.753,1,0.2,0.595,0.985,0.105,0.002,0.005,0.284,0.753,0.817,0.142,0.739,0.955
Ophiogomphus.aspersus,0,0.064,0.001,0.007,0.008,0.088,0.668,0.003,0.188,0.967,0.326,0.999,0.917,0.986,1,1,0.995,0.024,0.034,0.428,0.314,0.928,1,0.295,0.854,0.237,0.984,0.182,0.001,0.466,0.415,0.026,0.054,0.946,0.001,0.028,0.06,0.828,0.104,0.65,0.573,0.1,0.543,0.01,1,0.875,1,0.937,0.933,0.943,0.997,1,0.001,0.003,0.343,0.999,0.002,0,0.523,0.035,0.002,0.021,0,0.171,0,0.044,0.08,0.533,0.059,0.414,0.001,0.016,0.03,0.243,1,0.052,1,1,1,0,0.049,0.034,0.173,0.45,0.237,0.104,1,0.949,0.963,0.062,0,0,0.004,0,0.001
